57 0 0 1
0 1 0 0 0 0 0 0 0 1 0 0 0 
0.0761428 0.0170629 -0.148543 0.0181674 0 0 0 
0.0655438 0.018197 -0.103262 0.0170258 0 0 0 
0.0783539 0.0178054 0.0252389 0.0175179 0 0 0 
0.0777051 -0.0234442 -0.187544 0.00862479 0 0 0 
0.0669416 -0.0246057 -0.107912 0.00442012 0 0 0 
0.0761866 0.0213327 0.0706075 0.0129802 0 0 0 
0.0764987 -0.0245672 0.0661764 0.00455947 0 0 0 
0.0690736 0.0237334 -0.0130098 0.0075779 0 0 0 
0.0705413 -0.0227031 -0.0159913 0.0102149 0 0 0 
0.0680951 -0.0243817 -0.0591723 0.00523097 0 0 0 
0.0706023 -0.0240887 -0.146887 0.00629152 0 0 0 
0.0844939 0.0235317 0.116743 0.00830787 0 0 0 
0.093897 -0.0237314 0.112073 0.00758495 0 0 0 
0.0743189 -0.0176306 0.0301061 0.0177157 0 0 0 
0.0817749 0.0238873 -0.184306 0.00702081 0 0 0 
0.0592821 0.0240601 -0.0642441 0.00639506 0 0 0 
0.103661 0.0180586 -0.216267 0.00509024 0 0 0 
0.0606066 0.0181555 -0.0386982 0.0170779 0 0 0 
0.104283 -0.0130652 -0.219195 0.00893497 0 0 0 
0.110798 0.0086162 0.140799 0.0105441 0 0 0 
0.0788232 0.0132699 -0.185582 -0.0211855 0 0 0 
0.0794984 0.0102274 -0.150447 -0.0226969 0 0 0 
0.0740252 0.0101252 0.0719715 -0.0227476 0 0 0 
0.0858812 0.01431 0.117215 -0.0203579 0 0 0 
0.0648906 0.0170315 -0.0638522 -0.0181924 0 0 0 
0.0710448 0.0104754 -0.100999 -0.022574 0 0 0 
0.0854043 0.0167834 0.0311461 -0.0183898 0 0 0 
0.0763802 0.0115376 -0.0149722 -0.0220476 0 0 0 
0.0748645 -0.0211288 0.0316689 -0.0133412 0 0 0 
0.0736442 -0.0186151 0.0773101 -0.0165003 0 0 0 
0.0839076 -0.0122478 0.109006 -0.0216956 0 0 0 
0.0949354 0.00170808 0.12105 0.0247548 0 0 0 
0.0636547 -0.00677281 -0.106135 0.0239558 0 0 0 
0.0798452 -0.00458807 -0.189182 0.0245593 0 0 0 
0.0611106 -0.00519767 -0.0529977 0.0243909 0 0 0 
0.0952469 0.0110325 -0.21235 -0.0186112 0 0 0 
0.0709817 0.00465321 0.00489371 0.0245413 0 0 0 
0.0948754 -0.0154227 -0.210902 -0.0162899 0 0 0 
0.078014 0.0208923 -0.129651 -0.0136384 0 0 0 
0.0752468 -0.0201843 -0.133825 -0.0145283 0 0 0 
0.0771249 -0.0120768 -0.179258 -0.0217804 0 0 0 
0.0747579 -0.0115541 -0.0476883 -0.0220394 0 0 0 
0.0783769 -0.0135232 -0.003567 -0.020984 0 0 0 
0.0716066 -0.0145607 -0.0903562 -0.0201584 0 0 0 
0.0776391 0.00134839 0.0863562 0.0248798 0 0 0 
0.0772501 0.00727364 0.0519767 0.0238174 0 0 0 
0.0595387 0.00797787 -0.0779614 0.0236229 0 0 0 
0.0706625 -0.00819817 -0.162307 0.023562 0 0 0 
0.0641484 -0.00343112 -0.0278996 0.0246941 0 0 0 
0.113771 -0.00112498 0.139919 -0.0147315 0 0 0 
0.0738481 0.0238082 0.0893595 -0.00730713 0 0 0 
0.0654651 0.0234088 -0.0351609 -0.00875272 0 0 0 
0.0635943 -0.0208966 -0.0834356 0.013633 0 0 0 
0.0744492 -0.00870859 0.0548899 -0.023421 0 0 0 
0.063732 0.0241817 -0.0867033 -0.00595481 0 0 0 
0.0728026 -0.02477 0.00803585 0.00257925 0 0 0 
0.0680406 -0.00860189 -0.136044 0.0234505 0 0 0 
