64 0 0 1
0 1 0 0 0 0 0 0 0 1 0 0 0 
0.111914 0.00991125 0.142298 0.00477347 0 0 0 
0.0812833 0.0170616 -0.252511 0.0181685 0 0 0 
0.0674624 0.018196 0.0114519 0.017027 0 0 0 
0.0828622 0.0182728 0.101658 0.0169305 0 0 0 
0.0813998 0.017849 -0.113744 0.0174631 0 0 0 
0.0632576 0.0174568 -0.0395876 0.017854 0 0 0 
0.0851424 -0.0212024 -0.112779 0.0132431 0 0 0 
0.0889837 -0.0187823 -0.243053 0.0162901 0 0 0 
0.0801953 -0.0177361 0.102757 0.017605 0 0 0 
0.0716745 0.020667 -0.163514 0.0139215 0 0 0 
0.0672942 0.0214285 -0.211832 0.0127868 0 0 0 
0.0716632 -0.0198584 0.00543396 0.0149378 0 0 0 
0.0721924 -0.0190186 -0.0730339 0.0159932 0 0 0 
0.086501 -0.020256 -0.202895 0.014438 0 0 0 
0.0710565 0.0245601 -0.0715915 0.00458503 0 0 0 
0.0765179 -0.0200378 0.0502364 0.0147123 0 0 0 
0.0651599 -0.0234569 -0.0258374 0.00857863 0 0 0 
0.0719924 0.0212294 0.051736 0.0131887 0 0 0 
0.087425 -0.0186797 -0.159409 0.0164191 0 0 0 
0.121099 0.00812093 -0.275301 0.0178014 0 0 0 
0.105181 -0.0190321 0.132811 0.00959809 0 0 0 
0.078894 0.0112271 -0.243933 -0.0222015 0 0 0 
0.0769057 0.00587911 -0.12074 -0.0242027 0 0 0 
0.0797077 0.00429528 -0.168455 -0.024617 0 0 0 
0.0747913 0.00831728 -0.0778627 0.0235291 0 0 0 
0.077664 0.0047031 0.0955537 -0.0245275 0 0 0 
0.0740517 0.0181876 -0.209749 -0.0170376 0 0 0 
0.0691835 0.0141715 -0.0739926 -0.0204682 0 0 0 
0.0664958 0.00571992 -0.0253402 -0.0242466 0 0 0 
0.0760225 0.0144859 0.0158276 -0.020218 0 0 0 
0.0753061 0.0153337 0.0503617 -0.0195434 0 0 0 
0.0694904 -0.0107505 -0.0778711 -0.0224377 0 0 0 
0.090008 -0.0214714 -0.243772 -0.0127002 0 0 0 
0.0794874 -0.020627 0.101252 -0.0139718 0 0 0 
0.0857198 -0.0209209 -0.159241 -0.0136025 0 0 0 
0.0803488 -0.0165173 0.0538247 -0.0186015 0 0 0 
0.0805534 -0.0179346 0.0151527 -0.0173555 0 0 0 
0.0885448 -0.0168832 -0.210815 -0.0183104 0 0 0 
0.10859 0.0144429 -0.271896 -0.0163688 0 0 0 
0.0717738 0.0075618 -0.229273 0.0237378 0 0 0 
0.0742742 0.00758727 -0.188733 0.0237308 0 0 0 
0.119013 -0.0106094 -0.271988 -0.0190667 0 0 0 
0.0719907 0.022184 -0.152895 -0.0112623 0 0 0 
0.0675427 -0.0183933 -0.021083 -0.016779 0 0 0 
0.0760932 0.0217458 0.0754028 -0.0121465 0 0 0 
0.0896948 0.0210587 0.117363 -0.0134293 0 0 0 
0.0754329 -0.00189254 0.0644194 0.0248313 0 0 0 
0.0974744 0.00460461 0.125491 0.0238456 0 0 0 
0.063996 0.022207 -0.0423459 -0.011216 0 0 0 
0.0645186 -0.0224473 -0.0540359 -0.010731 0 0 0 
0.100644 -0.000978125 0.127688 -0.023616 0 0 0 
0.0634669 -0.00811703 -0.0431606 0.0235844 0 0 0 
0.076222 0.0235672 -0.125471 -0.00817956 0 0 0 
0.0782236 -0.0234563 -0.100135 -0.00858076 0 0 0 
0.0699832 0.0248906 -0.235255 -0.00122755 0 0 0 
0.0653665 0.0219248 -0.0143079 0.0117853 0 0 0 
0.0704079 0.000382843 0.0295448 0.0249659 0 0 0 
0.0788464 0.00987037 -0.139362 0.0228739 0 0 0 
0.078575 -0.0152951 -0.132843 -0.0195741 0 0 0 
0.0700364 0.0248949 -0.186485 0.00117913 0 0 0 
0.0767268 -0.0249261 0.0787694 -0.000828432 0 0 0 
0.0703536 0.0249542 0.0296218 0.000513635 0 0 0 
0.0636922 -0.00311874 -0.0184021 0.0247219 0 0 0 
0.0628561 0.00159674 -0.0505427 -0.0248576 0 0 0 
