128 0 0 1
-5.76392e-19 -0.04 -3.83328e-18 0 0 0 0.5 0.5 -0.5 -0.5 0 0 0 
0.11014 -0.00732662 0.168598 -0.00845218 0 0 0 
0.0964917 0.0348242 0.126814 0.0351494 0 0 0 
0.074936 0.0357225 -0.00212976 0.0348933 0 0 0 
0.0877388 0.0361588 -0.126168 0.0343451 0 0 0 
0.0906783 0.0286977 -0.220397 0.0349584 0 0 0 
0.100647 0.036511 -0.0826629 0.0339025 0 0 0 
0.0895278 0.0359767 -0.0362641 0.0345739 0 0 0 
0.0931117 0.0339314 -0.173237 0.0364881 0 0 0 
0.0756522 0.0339155 0.0497726 0.0365006 0 0 0 
0.0843216 -0.0422657 -0.218184 -0.0188441 0 0 0 
0.073678 0.0471183 0.00424926 -0.016421 0 0 0 
0.110144 0.0487682 -0.170577 -0.0104489 0 0 0 
0.0860463 -0.0467691 -0.001083 -0.0176819 0 0 0 
0.0916387 -0.0402571 -0.217936 0.0229665 0 0 0 
0.0809554 0.0473828 0.0518419 -0.0154632 0 0 0 
0.0934122 0.0484061 -0.131583 -0.0117594 0 0 0 
0.0826586 -0.0418817 -0.00210992 0.0271555 0 0 0 
0.0789262 -0.0488628 -0.173217 -0.0101066 0 0 0 
0.0836899 0.0458517 0.092875 -0.0195326 0 0 0 
0.0855598 -0.0411007 -0.172813 0.0281366 0 0 0 
0.0751984 -0.0467855 0.0386812 -0.0176254 0 0 0 
0.0909578 0.0456846 -0.0814156 -0.0198691 0 0 0 
0.0919245 0.0425677 0.134833 -0.0208397 0 0 0 
0.0775939 -0.0493882 -0.128175 -0.00686876 0 0 0 
0.0865222 -0.0394255 0.0480409 0.0302409 0 0 0 
0.0798864 0.0480623 -0.0438918 -0.0130035 0 0 0 
0.079733 -0.0477321 0.0902538 -0.014199 0 0 0 
0.0840889 -0.0401292 -0.12332 0.029357 0 0 0 
0.0964404 -0.0391189 0.0959276 0.0306264 0 0 0 
0.0979352 -0.0436631 0.139166 -0.0138876 0 0 0 
0.0769185 -0.0471302 -0.0784907 -0.0163777 0 0 0 
0.090163 -0.0366078 0.129499 0.0321266 0 0 0 
0.0774689 -0.038521 -0.0898529 0.0313771 0 0 0 
0.099221 0.0468678 -0.209774 -0.0133493 0 0 0 
0.0891971 -0.0487649 -0.0423257 -0.0104608 0 0 0 
0.0832623 -0.0433521 -0.041623 0.0245752 0 0 0 
0.083493 -0.020772 -0.241047 -0.0186182 0 0 0 
0.0854341 0.030265 -0.237708 -0.0108384 0 0 0 
0.0887141 -0.0204683 -0.236559 0.0265975 0 0 0 
0.0851044 0.00538837 -0.24398 0.0223118 0 0 0 
0.0940121 0.00165339 0.153609 0.0365859 0 0 0 
0.0931778 0.0435153 -0.153025 0.0242462 0 0 0 
0.0805352 -0.0338911 -0.0656067 0.0365201 0 0 0 
0.0904715 -0.0260169 0.151641 0.0280271 0 0 0 
0.102081 0.02909 0.156456 -0.0169138 0 0 0 
0.101394 0.0238353 0.155409 0.0256399 0 0 0 
0.0827758 0.0340133 0.0759785 0.0364228 0 0 0 
0.0798643 -0.0166873 -0.217102 -0.0438797 0 0 0 
0.0782173 0.0233492 0.000539389 -0.0439596 0 0 0 
0.0912414 0.0241001 -0.0827583 -0.0435875 0 0 0 
0.100183 0.0225538 -0.174563 -0.0443542 0 0 0 
0.0886683 -0.0139002 -0.218455 0.0440136 0 0 0 
0.082642 0.0330051 0.0483214 -0.0372253 0 0 0 
0.0979889 0.0347252 -0.131871 -0.0358562 0 0 0 
0.0797564 0.0333961 -0.0452013 -0.0369141 0 0 0 
0.0801432 -0.0200701 -0.171666 -0.0455852 0 0 0 
0.0933892 -0.0103883 0.0875171 0.0487849 0 0 0 
0.0853042 -0.0202733 -0.164453 0.0454845 0 0 0 
0.0816692 -0.00784998 -0.00223235 -0.0493009 0 0 0 
0.0840484 -0.0133319 -0.12729 0.0479717 0 0 0 
0.0796661 -0.0178275 -0.121063 -0.0466969 0 0 0 
0.0949541 -0.0170872 0.126784 -0.0463301 0 0 0 
0.0817952 -0.0164024 0.00503502 0.0471234 0 0 0 
0.0823233 -0.0101064 -0.0843843 -0.0488628 0 0 0 
0.0905811 -0.00888308 0.130956 0.0477875 0 0 0 
0.0764723 -0.014208 0.0525435 -0.0477296 0 0 0 
0.0900673 -0.0211134 -0.035573 -0.0450677 0 0 0 
0.0844731 -0.0105662 0.0527274 0.0487358 0 0 0 
0.0921135 0.0250504 -0.217866 -0.0392316 0 0 0 
0.090857 -0.0205944 -0.041182 0.045325 0 0 0 
0.0788739 -0.011806 0.0837405 -0.0483933 0 0 0 
0.0939739 0.0039977 -0.0857729 0.0496437 0 0 0 
0.0983657 0.0469822 0.134561 0.00725848 0 0 0 
0.0905641 0.00944834 -0.126522 -0.0490446 0 0 0 
0.096516 0.0125456 -0.0380482 0.0481888 0 0 0 
0.0925096 0.0191494 0.134911 -0.0433765 0 0 0 
0.0817667 0.0138518 0.0932422 -0.0478281 0 0 0 
0.0863001 0.0142523 -0.120466 0.0477174 0 0 0 
0.082004 -0.0330569 0.00903399 -0.037184 0 0 0 
0.104231 -0.00904151 0.150506 -0.03805 0 0 0 
0.0782564 -0.0120649 0.0228729 -0.0483217 0 0 0 
0.0825795 -0.0493602 -0.155055 0.00718353 0 0 0 
0.078891 -0.0496982 0.0593495 -0.00338683 0 0 0 
0.0852638 0.0047876 -0.203237 -0.0492862 0 0 0 
0.0814181 0.0493374 0.0628907 0.0074395 0 0 0 
0.0858809 0.00612018 -0.153947 0.0494549 0 0 0 
0.0744907 0.049705 -0.0230298 0.00330915 0 0 0 
0.0889816 0.00965472 -0.193617 0.0489876 0 0 0 
0.0816832 -0.0318631 -0.0688161 -0.0381341 0 0 0 
0.0775364 -0.0325598 -0.199382 -0.0375799 0 0 0 
0.0905807 0.0114688 0.108095 0.0484865 0 0 0 
0.0766199 0.00803201 0.0239394 0.0492848 0 0 0 
0.0799386 0.0128076 -0.0313408 -0.0481165 0 0 0 
0.0824153 0.0350884 0.111597 -0.0355672 0 0 0 
0.0854971 -0.0495573 -0.0114913 0.00496662 0 0 0 
0.0738839 0.0497256 0.0264929 0.00307825 0 0 0 
0.0749848 -0.0496679 -0.102086 -0.00372594 0 0 0 
0.0840436 0.00167498 -0.0596339 -0.0498507 0 0 0 
0.0785997 -0.049353 0.0310101 0.00726434 0 0 0 
0.0827537 0.00586998 -0.00686532 0.049477 0 0 0 
0.08169 0.0167991 0.0311372 -0.0470138 0 0 0 
0.0807038 -0.0331467 0.0247767 0.0371126 0 0 0 
0.0749001 -0.0382792 -0.125446 -0.0316811 0 0 0 
0.0768963 -0.0480383 -0.0697364 0.0130904 0 0 0 
0.0903141 0.0450142 0.0966879 0.0212223 0 0 0 
0.0812739 -0.000407439 -0.237519 -0.0325876 0 0 0 
0.0822833 -0.0373803 0.107579 -0.0328106 0 0 0 
0.0774135 -0.0376688 -0.159542 -0.0324481 0 0 0 
0.095621 0.0468208 -0.200863 0.0172184 0 0 0 
0.0883346 0.048126 -0.113773 0.0127732 0 0 0 
0.0945385 0.0474858 -0.06332 0.0150905 0 0 0 
0.0725657 -0.0354427 0.0558338 -0.0352448 0 0 0 
0.0739488 0.0412677 -0.0177901 -0.0279267 0 0 0 
0.0868959 0.0371543 -0.230148 0.0130386 0 0 0 
0.0723464 0.0381621 0.0226735 0.0318281 0 0 0 
0.0899381 0.0485688 -0.104742 -0.0111704 0 0 0 
0.0834083 -0.0496404 -0.198577 -0.0040385 0 0 0 
0.0897438 -0.0493194 0.108061 0.00764296 0 0 0 
0.0880979 0.0017355 -0.153894 -0.0498453 0 0 0 
0.0806049 0.0323591 0.0786543 -0.0377396 0 0 0 
0.0847918 -0.0206832 -0.191077 0.0452815 0 0 0 
0.0831029 -0.017812 -0.0971591 0.0467045 0 0 0 
0.0972695 -0.0349842 0.155251 0.00433128 0 0 0 
0.0833388 0.00124699 -0.24972 -0.00190036 0 0 0 
0.0804139 0.0134832 0.0612302 0.0479299 0 0 0 
0.0711315 0.0483971 0.00162275 0.011792 0 0 0 
0.0741118 -0.036122 0.0812838 -0.0343913 0 0 0 
0.0741344 -0.0355971 -0.100092 -0.0350507 0 0 0 
