148 0 0 1
1.44007e-10 -0.07 -8.25014e-11 0 0 0 0.683384 0.683384 -0.18162 -0.18162 0 0 0 
0.0803542 -0.00879587 0.16583 -0.0177787 0 0 0 
0.078609 0.0361978 -0.0134969 0.034296 0 0 0 
0.0877858 0.0251109 0.153403 0.0267544 0 0 0 
0.0936851 0.0301598 0.157696 -0.0111648 0 0 0 
0.0785111 0.0345573 -0.231236 0.0359899 0 0 0 
0.0930403 0.0339015 0.0777 0.0365119 0 0 0 
0.0793876 -0.0103978 0.159918 0.0276703 0 0 0 
0.0824972 0.0356413 -0.185859 0.0349952 0 0 0 
0.0937841 0.0359927 0.0283912 0.0345538 0 0 0 
0.0974354 -0.0449485 -0.276043 -0.014001 0 0 0 
0.0950455 -0.0470879 -0.138864 -0.0165309 0 0 0 
0.0767324 0.0471988 -0.0626974 -0.0161293 0 0 0 
0.0821106 -0.0360643 0.0709905 0.0344638 0 0 0 
0.0896559 0.0488835 0.0725703 -0.0100316 0 0 0 
0.0847322 -0.0474482 -0.00945113 -0.0152265 0 0 0 
0.0864419 -0.0442649 -0.147779 0.0227333 0 0 0 
0.0740557 0.0388362 -0.0621424 0.0309811 0 0 0 
0.0829993 -0.03796 -0.275052 0.028357 0 0 0 
0.0768324 -0.0491672 0.112019 -0.00900464 0 0 0 
0.0863977 0.0474266 0.12265 -0.0144423 0 0 0 
0.0874497 -0.043198 -0.0138669 0.0248863 0 0 0 
0.0937166 -0.0475907 -0.104698 -0.0147107 0 0 0 
0.0808358 0.0477884 -0.00808896 -0.0139951 0 0 0 
0.0756131 -0.0372945 0.120965 0.0328013 0 0 0 
0.0754949 -0.0491434 -0.236312 -0.00909072 0 0 0 
0.0849499 0.037431 0.122209 0.0324787 0 0 0 
0.0788619 -0.0460919 0.0344552 -0.0190478 0 0 0 
0.0934518 -0.0394989 -0.105602 0.0301485 0 0 0 
0.0874886 0.0478681 0.0351696 -0.0137066 0 0 0 
0.0673704 -0.0371338 -0.232715 0.0331203 0 0 0 
0.0917173 -0.0379547 0.0222009 0.0320887 0 0 0 
0.0889794 -0.0492035 -0.0603242 -0.00887351 0 0 0 
0.0809486 -0.0488067 -0.182706 -0.0103093 0 0 0 
0.0892588 0.0432749 -0.273878 -0.0199516 0 0 0 
0.0918954 -0.0396667 -0.055642 0.0299378 0 0 0 
0.0759628 -0.0468986 0.0671722 -0.0172162 0 0 0 
0.0734484 -0.0439284 -0.186026 0.0234126 0 0 0 
0.0975991 0.0422647 -0.271658 0.0232604 0 0 0 
0.088547 0.0469093 -0.142918 -0.0171772 0 0 0 
0.083009 0.0479149 -0.227439 -0.0135376 0 0 0 
0.0883711 0.0437604 -0.150595 0.0237513 0 0 0 
0.0909592 0.0489795 -0.193849 -0.00968409 0 0 0 
0.0819048 0.0452937 -0.1051 -0.0206576 0 0 0 
0.0815212 0.0383887 -0.104044 0.0315433 0 0 0 
0.0751795 -0.0334704 0.153951 -0.0148384 0 0 0 
0.104322 -0.0115297 -0.304214 -0.0194329 0 0 0 
0.115416 0.0245972 -0.296692 0.0231587 0 0 0 
0.0998955 0.0288172 -0.296856 -0.0165817 0 0 0 
0.0994732 -0.0138749 -0.29811 0.0286091 0 0 0 
0.0738024 -0.0486096 -0.209623 -0.0110228 0 0 0 
0.0750948 0.0493151 -0.0327062 -0.00769108 0 0 0 
0.0955196 0.0310339 -0.145984 -0.0387942 0 0 0 
0.0842656 0.0341097 0.074551 -0.0363461 0 0 0 
0.0904089 -0.0176918 -0.270734 -0.0453117 0 0 0 
0.086113 -0.0154297 -0.0165508 -0.0473921 0 0 0 
0.0859846 0.0305809 -0.234329 -0.0391551 0 0 0 
0.0830962 -0.00731296 0.117178 -0.0493489 0 0 0 
0.083118 0.0346628 0.110143 -0.0359059 0 0 0 
0.0855648 0.0308018 -0.0966661 -0.0389789 0 0 0 
0.0864924 -0.00691529 -0.0176227 0.049384 0 0 0 
0.0927954 -0.0086196 -0.27963 0.0449492 0 0 0 
0.100572 0.0300586 -0.192166 -0.0395708 0 0 0 
0.0741092 -0.0170992 0.0363206 -0.0469309 0 0 0 
0.0858527 -0.0178824 -0.23343 -0.0466697 0 0 0 
0.0837968 0.0340256 -0.0541843 -0.0364131 0 0 0 
0.0849652 0.0249061 -0.272874 -0.0411094 0 0 0 
0.0977884 -0.0103563 0.0285391 0.0487938 0 0 0 
0.0732429 -0.0134196 -0.23059 0.0479475 0 0 0 
0.087667 -0.0115174 -0.140946 -0.0484729 0 0 0 
0.0754685 -0.0184701 0.0734233 -0.0463783 0 0 0 
0.0928111 -0.010657 -0.191559 -0.0487107 0 0 0 
0.0784269 -0.0175283 -0.149041 0.0468124 0 0 0 
0.0749475 -0.00786088 -0.193754 0.0493 0 0 0 
0.0891756 0.033091 -0.016293 -0.0371568 0 0 0 
0.082272 -0.0171348 -0.10114 -0.0469211 0 0 0 
0.0859422 -0.0126454 -0.102659 0.0481613 0 0 0 
0.0869621 0.0330291 0.0307656 -0.0372062 0 0 0 
0.0845363 -0.0161575 -0.0503711 -0.047191 0 0 0 
0.0852431 -0.00915157 -0.0623209 0.0491266 0 0 0 
0.077141 0.0493936 -0.096092 0.0068078 0 0 0 
0.0775678 0.00755312 0.0665546 -0.0493273 0 0 0 
0.091952 0.00694427 0.0662304 0.0493815 0 0 0 
0.0782206 0.00266062 0.117307 0.0497631 0 0 0 
0.083067 0.00359556 0.15402 -0.0360821 0 0 0 
0.0830977 0.0112907 -0.150831 0.0485356 0 0 0 
0.0831199 0.0115531 -0.0969176 0.0484631 0 0 0 
0.0865453 0.0114032 -0.0527452 -0.0485045 0 0 0 
0.0797606 0.00956948 0.0316613 -0.0490112 0 0 0 
0.0896536 0.0223592 -0.256236 0.0444508 0 0 0 
0.0859447 -0.0495723 0.0073151 0.00479976 0 0 0 
0.0828738 0.00280755 -0.0826918 -0.0497497 0 0 0 
0.0856434 0.0067586 0.00517094 -0.049398 0 0 0 
0.0962919 0.00511241 -0.166057 -0.0495445 0 0 0 
0.0790929 0.00999297 -0.0360158 0.0488941 0 0 0 
0.0904133 0.00850734 -0.218728 -0.0492425 0 0 0 
0.0843432 0.0170213 -0.123662 0.0469524 0 0 0 
0.0912508 0.0138537 0.003319 0.0478275 0 0 0 
0.0773973 0.0148754 -0.220114 0.0475452 0 0 0 
0.090555 -0.0161423 0.054532 0.0471952 0 0 0 
0.0783224 -0.0197231 0.0994859 0.0457573 0 0 0 
0.0795466 -0.0196439 0.14091 -0.0404548 0 0 0 
0.0868446 0.0499506 0.102012 0.000554603 0 0 0 
0.0897942 0.0499223 -0.161981 -0.000871527 0 0 0 
0.0755955 -0.0441109 0.14194 0.00595111 0 0 0 
0.0915124 0.00374463 -0.291726 -0.037886 0 0 0 
0.0800627 -0.0251865 0.0126197 -0.0430492 0 0 0 
0.0853228 -0.0338567 -0.073136 -0.0365475 0 0 0 
0.0845921 0.0491786 0.0231913 0.00896356 0 0 0 
0.078112 -0.0480292 0.0788327 0.0131238 0 0 0 
0.0777625 0.0481487 -0.229806 0.0126911 0 0 0 
0.0890462 0.0456295 0.134941 0.0126394 0 0 0 
0.0834417 -0.0480283 0.0438548 0.0131269 0 0 0 
0.0888846 -0.0369042 -0.16656 -0.0334085 0 0 0 
0.0775587 -0.0369106 0.0859218 -0.0334007 0 0 0 
0.0849874 -0.0390812 -0.247755 -0.0306738 0 0 0 
0.0930878 0.0471077 0.0573038 0.0164591 0 0 0 
0.0823114 -0.0386955 -0.197461 -0.0311581 0 0 0 
0.0845365 -0.0354952 -0.034347 -0.0351789 0 0 0 
0.0775533 -0.0208867 0.164741 0.00474005 0 0 0 
0.0785807 0.0172986 -0.0615436 0.0468758 0 0 0 
0.0803213 0.0147055 -0.180834 0.0475922 0 0 0 
0.0874273 0.0250052 0.136115 -0.0401264 0 0 0 
0.0970793 -0.0493859 -0.0872508 0.00689459 0 0 0 
0.0835124 0.0496816 -0.255232 -0.00357635 0 0 0 
0.0815339 0.0496891 -0.123406 0.00348712 0 0 0 
0.0826015 0.00550737 -0.257014 -0.0495096 0 0 0 
0.0806626 0.0124069 0.0911548 -0.0482273 0 0 0 
0.102637 -0.0273463 -0.30124 0.00490637 0 0 0 
0.0759834 -0.0323387 -0.167863 0.0377557 0 0 0 
0.0850206 0.00249148 -0.118472 -0.0497779 0 0 0 
0.0848678 -0.0496971 -0.0350393 -0.00339692 0 0 0 
0.0677462 -0.0474758 -0.217459 0.0151267 0 0 0 
0.0720373 0.0449188 -0.0398568 0.0214136 0 0 0 
0.0732878 -0.0356951 0.0517671 -0.0349277 0 0 0 
0.075486 -0.0473837 0.105386 0.0154603 0 0 0 
0.0865171 -0.0332187 -0.122499 -0.0370552 0 0 0 
0.0834332 -0.0306616 -0.127203 0.0390906 0 0 0 
0.0871386 -0.0307748 -0.0340521 0.0390004 0 0 0 
0.0690032 -0.032445 -0.204393 0.0376712 0 0 0 
0.076431 -0.0211573 0.140688 0.0398093 0 0 0 
0.0769416 0.0479549 -0.00554092 0.0133925 0 0 0 
0.0790342 -0.0395591 0.127381 -0.0291647 0 0 0 
0.0732682 0.0492245 -0.0680472 0.00871013 0 0 0 
0.0758207 -0.0247164 -0.257151 0.0432825 0 0 0 
0.0729787 -0.0461033 -0.251502 0.019025 0 0 0 
0.0800177 0.00549939 0.144953 0.0426672 0 0 0 
0.0842867 0.0199293 0.0968545 0.0456551 0 0 0 
0.0792475 0.0452918 -0.205477 0.020662 0 0 0 
