149 0 0 1
0 1 0 0 0 0 0 0 0 1 0 0 0 
0.0881364 -0.00895266 0.16486 -0.0196187 0 0 0 
0.0774878 0.0357227 -0.103085 0.034893 0 0 0 
0.0924988 -0.0192109 0.15202 0.0329492 0 0 0 
0.106795 0.0230373 0.159216 -0.0199702 0 0 0 
0.0828807 0.0354032 -0.0620571 0.0352944 0 0 0 
0.0891672 0.0362427 0.0225381 0.0342396 0 0 0 
0.0907235 0.036002 0.116953 0.0345422 0 0 0 
0.0858691 0.0365228 -0.190439 0.0338877 0 0 0 
0.0882895 0.0347719 -0.272035 0.0335396 0 0 0 
0.0818486 0.0366017 -0.234072 0.0337887 0 0 0 
0.084739 0.0353479 0.068547 0.0353607 0 0 0 
0.0871828 0.0357712 -0.143828 0.0348321 0 0 0 
0.0922697 -0.0456694 -0.270631 -0.0167846 0 0 0 
0.0892476 -0.0367064 -0.273873 0.0304065 0 0 0 
0.0817556 -0.048815 -0.23486 -0.0102796 0 0 0 
0.0885961 -0.035742 -0.224736 0.0348687 0 0 0 
0.0804842 -0.049217 -0.190839 -0.00879404 0 0 0 
0.0945941 -0.0359284 -0.181024 0.0346346 0 0 0 
0.0851915 0.0464631 0.0766239 -0.0182991 0 0 0 
0.0788892 0.0454766 -0.137398 -0.0202886 0 0 0 
0.101758 0.0474737 0.114587 -0.0151344 0 0 0 
0.0738951 0.0492717 -0.106334 -0.00817853 0 0 0 
0.08228 -0.0472453 0.0787463 -0.0159613 0 0 0 
0.0786694 -0.0407009 0.0657959 0.0286388 0 0 0 
0.0800531 -0.0385069 -0.0589316 0.0313948 0 0 0 
0.0759661 0.0473958 -0.0545718 -0.0154161 0 0 0 
0.0782753 -0.0473601 0.110195 -0.0155456 0 0 0 
0.0986985 -0.0493633 -0.0121704 -0.00714874 0 0 0 
0.0911786 -0.0422858 -0.00980263 0.0266478 0 0 0 
0.0824579 -0.0430348 0.118577 0.0252161 0 0 0 
0.0984939 -0.0478485 0.0314394 -0.0137776 0 0 0 
0.0914449 -0.0424462 0.0239383 0.0264037 0 0 0 
0.0827961 0.0487227 -0.0212983 -0.0106136 0 0 0 
0.0833684 -0.0478241 -0.148422 -0.0138659 0 0 0 
0.0859675 -0.0420645 -0.1407 0.0269258 0 0 0 
0.0726887 0.0423452 -0.275715 -0.0207838 0 0 0 
0.0755856 -0.0482795 -0.0975204 -0.0122174 0 0 0 
0.0784782 0.0472228 -0.225099 -0.0160425 0 0 0 
0.0813898 -0.0415992 -0.0978064 0.0275103 0 0 0 
0.0797095 0.0469644 -0.192926 -0.0169778 0 0 0 
0.0902398 0.0425932 -0.0203965 0.0261069 0 0 0 
0.0750522 -0.0474059 -0.0626256 -0.0153798 0 0 0 
0.0822399 0.0483608 0.0231677 -0.0119232 0 0 0 
0.0798512 -0.0329684 0.156513 -0.00754198 0 0 0 
0.0985376 0.0138593 0.152395 0.0351563 0 0 0 
0.0761758 0.0315469 -0.297042 -0.00960916 0 0 0 
0.0845828 -0.0180517 -0.304152 -0.0141157 0 0 0 
0.0888397 -0.013112 -0.300824 0.0253476 0 0 0 
0.0883078 0.012019 -0.298586 0.0287127 0 0 0 
0.077153 0.049284 -0.251876 -0.00804109 0 0 0 
0.0831451 -0.0355455 -0.033782 0.0351157 0 0 0 
0.0992858 -0.0176615 0.120176 -0.0467599 0 0 0 
0.0788064 -0.00913974 -0.26779 -0.0484241 0 0 0 
0.0909864 -0.00736893 -0.0155959 -0.0493437 0 0 0 
0.0786863 0.0273054 -0.224185 -0.0417623 0 0 0 
0.0862409 -0.016574 0.12101 0.0469852 0 0 0 
0.0867765 -0.0155744 -0.0108716 0.0473521 0 0 0 
0.0830748 0.0273152 -0.191359 -0.0417546 0 0 0 
0.0791664 -0.0144631 -0.226934 -0.0476592 0 0 0 
0.0834684 -0.017318 0.0240782 -0.0468705 0 0 0 
0.0854024 -0.0110586 -0.233785 0.0485997 0 0 0 
0.0772488 0.0231997 -0.148152 -0.0440338 0 0 0 
0.0795183 -0.00757371 0.0276769 0.0493255 0 0 0 
0.0889284 0.0275721 0.0721725 -0.0415501 0 0 0 
0.080843 -0.00782254 -0.192688 -0.0493034 0 0 0 
0.0732268 0.0331795 -0.0959001 -0.0370864 0 0 0 
0.0914339 -0.00998535 0.0738186 -0.0488963 0 0 0 
0.110375 0.0233441 0.110229 -0.0439626 0 0 0 
0.0753481 0.0341119 -0.0605364 -0.0363444 0 0 0 
0.101295 -0.0136192 -0.185859 0.0478923 0 0 0 
0.0741074 -0.0143238 0.0655144 0.0476977 0 0 0 
0.110331 0.0337415 0.156134 0.00543193 0 0 0 
0.0815761 0.0320707 -0.0194465 -0.037969 0 0 0 
0.0725742 -0.00717608 -0.139561 -0.0493609 0 0 0 
0.0885473 0.0221741 -0.0153495 0.044542 0 0 0 
0.0918493 -0.0132315 -0.137733 0.0479994 0 0 0 
0.0758049 0.0290786 0.0337901 -0.0403507 0 0 0 
0.0712882 -0.00910533 -0.101047 -0.0491394 0 0 0 
0.0862517 -0.00832077 -0.0936524 0.0492591 0 0 0 
0.0790929 -0.00700025 -0.061549 -0.0493765 0 0 0 
0.084663 -0.0156937 -0.0601552 0.0473191 0 0 0 
0.0866921 -0.000659657 -0.268418 0.049192 0 0 0 
0.0764147 0.0101125 0.0702789 0.0488611 0 0 0 
0.0712313 0.0158353 -0.270372 -0.0460046 0 0 0 
0.0790382 -0.0327067 -0.185697 -0.0374628 0 0 0 
0.0989774 -0.0337982 -0.0100428 -0.0365941 0 0 0 
0.0843861 -0.0494158 -0.169896 0.00655857 0 0 0 
0.0874816 0.0496565 0.000344163 0.003854 0 0 0 
0.0866868 0.0493553 0.0866006 0.00724002 0 0 0 
0.0769388 -0.000966711 -0.166836 -0.0499138 0 0 0 
0.0821248 -0.0499349 -0.0391661 0.000730568 0 0 0 
0.0874397 0.00405308 -0.0438672 0.0496387 0 0 0 
0.0785477 -0.00177403 0.0438505 -0.0498418 0 0 0 
0.0843697 -0.0301564 0.0458245 -0.0394928 0 0 0 
0.0881049 0.0153258 -0.128787 0.0474208 0 0 0 
0.090533 0.0145615 0.130058 0.0464486 0 0 0 
0.0786854 -0.0237562 0.0938907 0.0437583 0 0 0 
0.0872903 0.018023 -0.211735 0.0466 0 0 0 
0.0738267 -0.0288129 -0.12537 -0.0405622 0 0 0 
0.0973374 0.0148148 -0.169829 0.047562 0 0 0 
0.0827476 -0.0338858 -0.0474996 -0.0365243 0 0 0 
0.0796138 -0.00710832 -0.291503 -0.0377414 0 0 0 
0.0905076 -0.0368896 -0.293345 0.000676217 0 0 0 
0.0811156 0.0498068 -0.158329 0.00216685 0 0 0 
0.085468 -0.0495243 0.0548956 0.00534011 0 0 0 
0.0862713 0.0494487 0.0580128 0.00618946 0 0 0 
0.0867029 -0.0220557 0.146343 -0.0359159 0 0 0 
0.081167 -0.0333982 -0.240538 -0.0369125 0 0 0 
0.0735366 0.0171478 -0.116317 -0.0469175 0 0 0 
0.0798491 0.0113024 0.096901 0.0485324 0 0 0 
0.110809 0.0176134 0.138327 -0.0428232 0 0 0 
0.0734943 -0.0345291 -0.0746581 -0.0360123 0 0 0 
0.0822188 0.0196121 -0.247955 0.0458123 0 0 0 
0.0803217 0.0492666 -0.190982 0.00823635 0 0 0 
0.0777395 0.047927 -0.060436 0.0134932 0 0 0 
0.0785181 0.0358724 0.00534257 -0.0347049 0 0 0 
0.0903269 -0.0126088 0.167332 0.00885117 0 0 0 
0.0787792 0.0466572 -0.126439 0.0179075 0 0 0 
0.0863152 -0.0489604 -0.253138 0.00975336 0 0 0 
0.0787591 -0.0424272 -0.213276 -0.0264419 0 0 0 
0.0790825 0.0426197 0.0502228 -0.0260534 0 0 0 
0.0706167 0.0371102 -0.254681 -0.03315 0 0 0 
0.0805616 0.0461631 -0.215283 0.0189041 0 0 0 
0.0839697 -0.0483605 -0.205042 0.0119244 0 0 0 
0.0722989 0.020813 -0.291659 -0.0324473 0 0 0 
0.0716293 0.048498 -0.0811687 -0.0114266 0 0 0 
0.087841 -0.0325391 0.0789664 -0.0375963 0 0 0 
0.0815049 0.00291117 -0.309614 -0.00142276 0 0 0 
0.0794369 0.0184507 0.0438643 0.0463879 0 0 0 
0.0785874 -0.0286385 0.0440678 0.0407011 0 0 0 
0.0824248 0.017155 -0.0434225 -0.0469155 0 0 0 
0.0783139 -0.0493835 0.0943854 0.00692322 0 0 0 
0.0786849 0.00720636 0.0173308 -0.0493582 0 0 0 
0.0763824 -0.0265706 -0.154151 -0.0423473 0 0 0 
0.097924 0.0483181 0.120221 0.0120065 0 0 0 
0.0826464 -0.0492223 -0.124884 0.00873402 0 0 0 
0.0796177 0.0431271 -0.162174 -0.0250292 0 0 0 
0.0789589 -0.0422145 0.13602 -0.0208741 0 0 0 
0.0793311 -0.0471919 0.134606 0.0047758 0 0 0 
0.0833046 0.0182875 -0.0824384 0.0464688 0 0 0 
0.0762533 -0.0493573 -0.0740531 0.00721655 0 0 0 
0.085184 -0.028642 -0.118978 0.0406983 0 0 0 
0.084089 0.0127983 0.00798113 0.0481191 0 0 0 
0.0831848 0.042971 -0.282581 0.0103538 0 0 0 
0.0842201 -0.0251219 -0.255226 0.0430815 0 0 0 
0.0747748 0.00644532 -0.241325 -0.0494261 0 0 0 
0.0724565 0.0473511 -0.0910759 0.015578 0 0 0 
0.072808 0.0118805 -0.0869795 -0.0483726 0 0 0 
0.0732955 -0.0366296 -0.102559 -0.0337535 0 0 0 
