150 0 0 1
1.37024e-08 -7.31736e-10 0.01 0 0 0 0.308671 0.308668 0.636177 0.63618 0 0 0 
0.0827103 -0.0702107 -0.0751098 -0.0274826 0 0 0 
0.085219 0.106436 0.019239 0.0269471 0 0 0 
0.0955653 -0.0264951 0.0518346 0.102237 0 0 0 
0.0787584 -0.0745245 -0.0798158 0.0179104 0 0 0 
0.0925516 0.0921888 0.0170195 0.0662128 0 0 0 
0.0855029 -0.0691988 0.0586215 0.0712476 0 0 0 
0.0919111 -0.0362875 0.0974875 -0.0239681 0 0 0 
0.0774032 -0.0692824 -0.0312323 -0.0682194 0 0 0 
0.0978915 0.0528681 -0.0681035 -0.0569756 0 0 0 
0.0763045 0.0941001 0.0540118 0.0217477 0 0 0 
0.0857195 -0.0244921 -0.0718875 -0.0684912 0 0 0 
0.0930634 -0.037432 0.102728 0.0184764 0 0 0 
0.0768486 -0.0742401 0.00926213 -0.0695139 0 0 0 
0.0926076 0.058741 -0.0765953 0.0619692 0 0 0 
0.0885068 0.0152899 -0.0772531 -0.0667032 0 0 0 
0.0999532 0.0501924 -0.024703 0.103803 0 0 0 
0.0957474 0.0129072 -0.0261708 0.115186 0 0 0 
0.0905275 0.0555694 0.0183252 0.102388 0 0 0 
0.0941646 -0.0350199 -0.0281279 0.109471 0 0 0 
0.0915317 0.100852 -0.0244634 -0.0242804 0 0 0 
0.0916856 0.0136471 0.0568327 0.102405 0 0 0 
0.102819 -0.0359904 0.00977215 0.112478 0 0 0 
0.090943 0.103841 -0.0320611 0.0184219 0 0 0 
0.0836003 0.0510637 0.0541519 -0.0701127 0 0 0 
0.0886481 0.0101064 0.103954 -0.0227344 0 0 0 
0.092006 0.10466 0.0118081 -0.0181088 0 0 0 
0.0950435 0.0516948 0.0923769 -0.0186896 0 0 0 
0.0950942 0.00891848 0.0925171 0.0682608 0 0 0 
0.0820866 0.051308 0.095548 0.0241655 0 0 0 
0.095644 0.0770084 -0.076243 0.0271267 0 0 0 
0.0803013 0.0734953 0.0526184 0.071046 0 0 0 
0.0958377 0.0328626 0.0145973 0.112932 0 0 0 
0.0970041 -0.0219378 0.0952707 0.0591945 0 0 0 
0.0840208 0.0710353 -0.0276042 -0.0681977 0 0 0 
0.0873781 -0.102079 -0.0247731 -0.0199135 0 0 0 
0.0831915 0.0735065 0.017577 -0.0690613 0 0 0 
0.0961519 0.0750964 -0.0737888 -0.0203356 0 0 0 
0.0870662 -0.102947 -0.0317743 0.0283822 0 0 0 
0.089635 -0.10289 0.0158836 -0.0225654 0 0 0 
0.0814022 -0.0565865 0.0554674 -0.0651947 0 0 0 
0.0808688 -0.106601 0.0166151 0.0278903 0 0 0 
0.0841877 -0.0959387 0.01654 0.0592974 0 0 0 
0.0816689 -0.0529535 -0.0670687 -0.0579985 0 0 0 
0.0805799 -0.0583552 -0.0772542 0.0615909 0 0 0 
0.0903853 -0.0897627 -0.0329812 0.0624512 0 0 0 
0.108958 0.0879583 -0.0373342 0.0630393 0 0 0 
0.0854793 -0.0853843 0.0571436 -0.0278242 0 0 0 
0.0784941 -0.0916234 0.0586682 0.0216257 0 0 0 
0.0868936 0.0896869 0.0570837 -0.0152834 0 0 0 
0.0904541 -0.0300269 0.0671513 -0.0708545 0 0 0 
0.0970961 0.0182047 -0.105255 -0.0138543 0 0 0 
0.0850103 -0.0368001 -0.100535 -0.0143359 0 0 0 
0.08895 0.0134511 0.073125 -0.0702787 0 0 0 
0.0803234 0.0125467 -0.0969405 0.0590898 0 0 0 
0.0806249 -0.0318962 -0.10402 0.0221179 0 0 0 
0.0872902 0.0179443 0.108005 0.0191794 0 0 0 
0.0908485 0.0056973 -0.0523763 0.105571 0 0 0 
0.0927581 0.0518264 -0.0958441 0.0205563 0 0 0 
0.0926938 -0.0111253 0.108139 0.0251916 0 0 0 
0.0958509 -0.0578281 -0.00919074 0.102196 0 0 0 
0.0827855 -0.00393632 -0.108799 0.0214804 0 0 0 
0.0855467 -0.088099 -0.0577923 -0.0192187 0 0 0 
0.100757 0.000921652 0.0336509 0.114097 0 0 0 
0.0917878 0.03825 0.0771499 -0.0579113 0 0 0 
0.08736 -0.073326 -0.050313 0.0731852 0 0 0 
0.104724 0.0566601 -0.0909353 -0.0143691 0 0 0 
0.085297 -0.0687043 0.0793022 -0.0217612 0 0 0 
0.0833596 -0.0725946 0.0807497 0.024949 0 0 0 
0.0852544 -0.0318197 -0.0889014 0.0654738 0 0 0 
0.0915423 -0.0527813 0.0820811 0.0594856 0 0 0 
0.0782591 0.0765535 0.0778214 0.0219821 0 0 0 
0.0831226 0.0357098 -0.082728 0.0718829 0 0 0 
0.0857692 0.0454367 0.0824781 0.0654813 0 0 0 
0.0891486 0.0901331 -0.0494228 -0.0276531 0 0 0 
0.0827489 -0.0300875 -0.0263395 -0.0915316 0 0 0 
0.0876116 0.0132753 -0.0795441 0.084327 0 0 0 
0.0793485 -0.0770999 -0.0708698 0.0419408 0 0 0 
0.0799243 0.0114854 0.0509658 -0.0857542 0 0 0 
0.0769534 -0.0364421 0.011307 -0.0921834 0 0 0 
0.07681 0.00654093 -0.0361326 -0.0927912 0 0 0 
0.0952728 -0.0773011 0.00979482 0.0868542 0 0 0 
0.0917258 0.0183925 0.0921733 -0.0465919 0 0 0 
0.069153 0.0130999 0.0134595 -0.0973839 0 0 0 
0.0940833 0.0748238 0.0528957 -0.0491947 0 0 0 
0.0961309 -0.012983 0.0932842 -0.0460709 0 0 0 
0.0846431 -0.0957118 0.0505768 -0.00402487 0 0 0 
0.0818445 -0.0902713 -0.0244792 -0.0469435 0 0 0 
0.0734287 0.0412259 -0.0283918 -0.0873334 0 0 0 
0.083559 -0.0908717 0.00847486 -0.0504545 0 0 0 
0.0904178 -0.0405442 -0.0687064 0.0845047 0 0 0 
0.0669375 0.0428813 0.0076514 -0.0903562 0 0 0 
0.0919711 -0.0309874 0.0757937 0.0830495 0 0 0 
0.0946626 0.0499293 -0.0613157 0.0863327 0 0 0 
0.0972012 0.102337 -0.0213807 0.0425334 0 0 0 
0.0920835 0.0926502 -0.0100311 -0.0468036 0 0 0 
0.079046 -0.0802591 0.0663559 0.0438512 0 0 0 
0.0883767 -0.0121496 -0.106872 -0.0114931 0 0 0 
0.110377 0.0750293 -0.0189637 0.0876358 0 0 0 
0.0772746 -0.0161129 0.0309839 -0.0934102 0 0 0 
0.101322 -0.0128821 -0.0103567 0.117711 0 0 0 
0.0904878 0.0764555 0.0229028 0.0853951 0 0 0 
0.0701883 0.0287574 0.0315231 -0.0902999 0 0 0 
0.0894084 -0.0211865 0.106521 -0.00490736 0 0 0 
0.0820886 0.0390437 -0.0965753 0.0432865 0 0 0 
0.0920429 -0.000538427 -0.0958069 -0.0429309 0 0 0 
0.094525 0.0936051 -0.0505622 0.0343174 0 0 0 
0.0821439 0.101341 0.0398944 0.000319142 0 0 0 
0.0810156 -0.0801735 0.035555 -0.0548445 0 0 0 
0.0771195 -0.0976503 0.0403826 0.0382785 0 0 0 
0.0898657 0.0790622 -0.0455631 -0.0501788 0 0 0 
0.0924902 -0.0690906 -0.0306997 0.0885849 0 0 0 
0.0878009 0.0276596 0.0997291 0.0460656 0 0 0 
0.0756317 0.0817901 0.0627227 0.0472818 0 0 0 
0.0870771 0.0486882 0.0595998 0.0880965 0 0 0 
0.0863389 -0.107738 -0.0194447 0.00648246 0 0 0 
0.0780977 -0.0568174 -0.0131354 -0.0822976 0 0 0 
0.0813884 0.028358 -0.0527094 -0.0811861 0 0 0 
0.0946818 -0.022456 -0.0562986 0.100981 0 0 0 
0.0752361 -0.0565637 0.0249266 -0.0803211 0 0 0 
0.0905026 0.0902451 -0.0617066 0.00259344 0 0 0 
0.0851298 -0.0910847 -0.0608545 0.0152316 0 0 0 
0.0917689 -0.00512775 0.0732656 0.0909833 0 0 0 
0.0935003 0.0914838 0.0328305 -0.0393277 0 0 0 
0.0837854 -0.00129584 -0.0615144 -0.0810049 0 0 0 
0.0974677 -0.0538435 0.040216 0.0965421 0 0 0 
0.0775944 0.0638884 0.080699 0.0471775 0 0 0 
0.0911277 0.109927 -0.000365371 0.00962058 0 0 0 
0.0858874 -0.043008 -0.0877582 -0.0391914 0 0 0 
0.0837761 0.0215718 -0.106106 0.026583 0 0 0 
0.0921094 0.0318128 -0.0428177 0.105636 0 0 0 
0.0880575 0.0396594 0.0375786 0.105026 0 0 0 
0.0859061 -0.0629836 0.0704826 -0.0446693 0 0 0 
0.0795261 -0.0787586 -0.0466701 -0.0496205 0 0 0 
0.0983633 0.0253592 -0.0915204 -0.0452834 0 0 0 
0.0807613 -0.0599774 -0.0914967 -0.000864885 0 0 0 
0.0749551 -0.00445313 -0.00627232 -0.0989434 0 0 0 
0.0823393 -0.0132124 -0.101688 0.0495604 0 0 0 
0.085703 -0.0636017 0.0886995 0.00109664 0 0 0 
0.0914799 0.0740419 0.077815 -0.0124381 0 0 0 
0.0770313 -0.0566328 -0.0896997 0.0375984 0 0 0 
0.0735247 0.0584193 -0.0105267 -0.0817313 0 0 0 
0.0798515 -0.0343729 0.0452949 -0.0834827 0 0 0 
0.0815075 -0.0450317 -0.0502515 -0.0756892 0 0 0 
0.0840265 -0.0828949 0.0377735 0.0704728 0 0 0 
0.0874753 0.028722 0.104793 -0.00309386 0 0 0 
0.0818213 0.0975302 0.0326964 0.046668 0 0 0 
0.085921 -0.10288 -0.0113885 0.0441189 0 0 0 
0.0680523 0.0235252 -0.0111312 -0.0961194 0 0 0 
0.0851457 -0.108368 0.0102476 0.00367662 0 0 0 
0.073693 0.0532247 0.0300063 -0.0803672 0 0 0 
