28 0 0 1
1.8255e-19 -0.014 -0.04 0 0 0 -0.5 0.5 0.5 0.5 0 0 0 
0.0649713 0.0162161 0.006 -0.0806041 0 0 0 
0.0628454 0.00608979 0.006 -0.0287749 0 0 0 
0.0753735 0.00961974 0.006 0.00425704 0 0 0 
0.0628645 -0.0119238 0.006 -0.0707597 0 0 0 
0.0754948 -0.0242954 0.006 -0.0300575 0 0 0 
0.0902681 -0.0215775 0.006 0.0164591 0 0 0 
0.0719196 0.00808566 -0.034 -0.0804653 0 0 0 
0.067169 0.0082893 -0.034 -0.036389 0 0 0 
0.074059 0.0104221 -0.034 0.0071931 0 0 0 
0.0736472 -0.025 -0.0221212 -0.0746525 0 0 0 
0.0746576 -0.0234386 -0.034 -0.0292442 0 0 0 
0.070616 0.025 -0.0130644 -0.0263463 0 0 0 
0.0633253 -0.025 -0.0155771 -0.0304911 0 0 0 
0.0690534 0.025 -0.0167125 -0.0835259 0 0 0 
0.0801781 0.00395851 0.006 -0.109996 0 0 0 
0.0992138 -0.0245977 -0.000243403 -0.1125 0 0 0 
0.114861 0.025 -0.00306423 0.0249767 0 0 0 
0.103388 0.0111994 -0.0311488 -0.1125 0 0 0 
0.0924943 -0.025 -0.0254165 -0.101704 0 0 0 
0.0868712 -0.0113028 -0.034 0.0245419 0 0 0 
0.0666658 0.025 -0.0167829 -0.0551688 0 0 0 
0.123706 0.021399 -0.0295849 0.0325 0 0 0 
0.107052 -0.0247129 -0.0101018 0.0325 0 0 0 
0.0638959 -0.025 -0.0127557 -0.00142125 0 0 0 
0.0676694 0.018764 0.006 -0.0534292 0 0 0 
0.103194 0.025 0.00178513 -0.111677 0 0 0 
0.081498 -0.025 0.00563194 -0.0931093 0 0 0 
0.0655554 -0.015067 -0.034 -0.00496965 0 0 0 
