129 0 0 1
-5.76392e-19 -0.04 -3.83328e-18 0 0 0 0.5 0.5 -0.5 -0.5 0 0 0 
0.0978673 0.0350887 -0.208052 0.0345571 0 0 0 
0.0859127 0.0341469 -0.0415037 0.0363165 0 0 0 
0.0858107 0.0346983 0.129158 0.0346563 0 0 0 
0.0901062 0.0361978 0.00758153 0.034296 0 0 0 
0.0921831 0.0359866 0.04975 0.0345614 0 0 0 
0.0879305 0.0355968 0.0882838 0.0350512 0 0 0 
0.0886509 0.0346722 -0.165614 0.0358984 0 0 0 
0.0748224 -0.0487624 -0.0885367 -0.0104697 0 0 0 
0.0880862 -0.0440842 0.137809 -0.0147672 0 0 0 
0.0854473 -0.0422204 -0.209436 0.024592 0 0 0 
0.0774304 0.0492482 -0.0809456 -0.0084429 0 0 0 
0.0746104 0.0478406 0.000772573 -0.0138062 0 0 0 
0.0760521 -0.0425724 -0.0775677 0.0261488 0 0 0 
0.0856992 0.046452 0.0530859 -0.0183215 0 0 0 
0.0752595 0.044052 -0.0860955 0.0231627 0 0 0 
0.0878215 -0.0468362 -0.174685 -0.0174421 0 0 0 
0.0959245 -0.0359369 0.135765 0.0304592 0 0 0 
0.0802988 -0.0457464 -0.0470288 -0.0197446 0 0 0 
0.0846284 -0.0400045 -0.169359 0.0295137 0 0 0 
0.0756736 0.0493482 -0.0402371 -0.00731814 0 0 0 
0.0920719 0.00220305 0.168662 -0.0101137 0 0 0 
0.0827183 -0.0438825 -0.0428233 0.0235048 0 0 0 
0.0849897 -0.0443943 0.00872408 0.0224722 0 0 0 
0.0858976 -0.0471915 -0.13043 -0.0161557 0 0 0 
0.0804376 -0.0478053 0.00364896 -0.0139339 0 0 0 
0.0782552 -0.0458341 0.0449046 -0.0195677 0 0 0 
0.0855464 0.0421529 -0.217102 -0.0201229 0 0 0 
0.0795437 -0.0405467 -0.129492 0.0288325 0 0 0 
0.0867337 0.0475765 -0.177204 -0.0147623 0 0 0 
0.0849004 -0.040299 0.0486219 0.0291436 0 0 0 
0.0796473 -0.0467359 0.090569 -0.0177489 0 0 0 
0.085079 0.0451359 -0.125905 -0.0209763 0 0 0 
0.0831308 -0.0426793 0.0845055 0.0259331 0 0 0 
0.0761023 0.0426763 -0.131683 0.0259391 0 0 0 
0.0988396 0.048338 0.085378 -0.0120059 0 0 0 
0.0890432 0.0468201 0.12758 -0.0150467 0 0 0 
0.0955094 -0.00739167 0.153387 0.0362206 0 0 0 
0.0832411 -0.0206116 -0.24224 -0.0163851 0 0 0 
0.073319 0.0354228 -0.10948 0.0352698 0 0 0 
0.0849761 0.0336847 0.153978 -0.0144366 0 0 0 
0.082643 0.0282284 -0.237527 -0.0162295 0 0 0 
0.0950686 -0.0133962 -0.241534 0.0237596 0 0 0 
0.0936797 0.0245503 -0.237136 0.0224187 0 0 0 
0.0860054 -0.0338627 0.105755 0.0365428 0 0 0 
0.0898807 0.0224629 0.154875 0.0274214 0 0 0 
0.0828561 -0.0406362 -0.222984 -0.0171715 0 0 0 
0.0869196 -0.0373067 -0.0166631 0.0329027 0 0 0 
0.0896738 -0.0222282 0.159931 -0.0193465 0 0 0 
0.0819663 0.0336542 -0.0880687 -0.0367086 0 0 0 
0.103536 0.0281522 -0.17061 -0.0410883 0 0 0 
0.0950368 -0.0112022 -0.214986 -0.0460123 0 0 0 
0.0766245 0.0283823 0.0010161 -0.040905 0 0 0 
0.0919436 0.0291768 -0.132729 -0.0402726 0 0 0 
0.106997 -0.00842609 -0.211251 0.0477866 0 0 0 
0.105002 -0.00731609 -0.172651 -0.0493485 0 0 0 
0.0784262 -0.0173332 -0.129762 0.0468662 0 0 0 
0.0830695 -0.0157149 0.0060861 -0.0473133 0 0 0 
0.0811152 -0.0119768 -0.0768791 -0.048346 0 0 0 
0.0909523 -0.0175922 0.0081676 0.0467947 0 0 0 
0.0759925 0.0294282 -0.0348877 -0.0400724 0 0 0 
0.076345 -0.0147856 -0.0814916 0.04757 0 0 0 
0.0841187 -0.0135011 0.051249 -0.0479249 0 0 0 
0.086027 -0.0131717 -0.0398861 -0.0480158 0 0 0 
0.0893473 -0.0202246 0.0431082 0.0455085 0 0 0 
0.0891611 -0.0182585 -0.164904 0.0464832 0 0 0 
0.0864186 -0.0150902 -0.045613 0.0474859 0 0 0 
0.0870025 -0.0122238 0.088613 -0.0482778 0 0 0 
0.0850389 -0.0205872 -0.120684 -0.0453287 0 0 0 
0.102493 0.0254982 0.084434 -0.0428948 0 0 0 
0.0833481 -0.0132117 0.0906776 0.0480049 0 0 0 
0.0885425 0.0330844 0.126705 -0.0365331 0 0 0 
0.0831436 -0.0140808 0.139548 -0.0434168 0 0 0 
0.0969295 0.0238064 -0.209792 -0.0425142 0 0 0 
0.0895742 0.0052058 -0.127697 -0.0495362 0 0 0 
0.0880604 0.00611085 0.128099 0.0487371 0 0 0 
0.0758214 0.0208963 -0.0874728 0.0451754 0 0 0 
0.0808835 -0.0339098 0.126841 -0.0358691 0 0 0 
0.0893353 0.0220525 0.0497094 -0.0446025 0 0 0 
0.0975303 0.0133939 -0.169826 0.0479546 0 0 0 
0.091353 0.0121493 0.0435479 0.0482984 0 0 0 
0.076562 0.0148289 -0.121266 0.0475581 0 0 0 
0.0868716 0.00516638 -0.0215371 0.0495395 0 0 0 
0.0872062 -0.0494476 -0.157302 0.00620206 0 0 0 
0.0860317 0.00452259 -0.249588 -9.99029e-05 0 0 0 
0.0817914 -0.0498888 -0.0203604 -0.00124709 0 0 0 
0.09089 -0.0336547 -0.192831 -0.0367084 0 0 0 
0.0823324 0.0148168 0.101286 0.0475615 0 0 0 
0.0798352 -0.0332553 0.0656999 -0.0370262 0 0 0 
0.0939229 -0.0332721 -0.155061 -0.0370128 0 0 0 
0.0810843 0.010957 -0.0673889 -0.0486278 0 0 0 
0.0816559 0.00140627 -0.102563 -0.0498746 0 0 0 
0.0865228 0.00609207 0.123674 -0.0491314 0 0 0 
0.0803874 -0.0497671 0.0323292 0.00261286 0 0 0 
0.0835367 0.0077346 0.0280748 -0.0493112 0 0 0 
0.0797538 0.0499979 0.0262569 -2.30539e-05 0 0 0 
0.0808298 -0.0494742 0.0689783 0.00590381 0 0 0 
0.0861493 -0.0496178 0.115453 0.00429252 0 0 0 
0.0805707 0.0498649 -0.146492 -0.00151497 0 0 0 
0.0820228 0.00644943 -0.0183857 -0.0494255 0 0 0 
0.0729679 -0.0308636 -0.0998418 0.0389298 0 0 0 
0.0793646 -0.034878 0.0259167 -0.0357346 0 0 0 
0.0851585 0.0131559 -0.0499533 0.0480202 0 0 0 
0.0781288 -0.0396114 -0.070183 -0.0300072 0 0 0 
0.0903952 0.0466074 0.104318 0.018008 0 0 0 
0.0830738 0.048422 -0.198972 0.0117022 0 0 0 
0.0752905 0.0492417 -0.11164 0.0085161 0 0 0 
0.0867093 0.0410456 0.14643 0.00994435 0 0 0 
0.0835298 0.0196306 0.148959 -0.0351533 0 0 0 
0.0788683 -0.0386529 -0.102181 -0.0312115 0 0 0 
0.0877228 0.000310796 -0.235299 -0.0353705 0 0 0 
0.0786811 0.0486785 -0.0600062 0.0107734 0 0 0 
0.0845719 -0.0355495 -0.0144043 -0.0351107 0 0 0 
0.0976845 -0.0235944 0.160969 0.015698 0 0 0 
0.0874876 0.0493641 0.052934 0.00713952 0 0 0 
0.0898223 0.0141581 0.00201217 0.0477434 0 0 0 
0.0730992 -0.00671934 -0.106098 0.0494015 0 0 0 
0.0820636 -0.0495409 -0.204864 -0.000293058 0 0 0 
0.0829115 -0.0382259 -0.230982 0.00634482 0 0 0 
0.0733046 0.0437593 -0.0221511 -0.0237534 0 0 0 
0.0768965 -0.0484078 -0.109129 0.0117531 0 0 0 
0.0842227 0.0465412 -0.0136912 0.0181415 0 0 0 
0.075787 -0.0498613 -0.0646028 0.00155568 0 0 0 
0.0852451 0.00128527 0.0703749 0.0498854 0 0 0 
0.0766469 0.0401724 -0.0629118 -0.0293026 0 0 0 
0.0764823 0.04359 0.0253963 -0.0240951 0 0 0 
0.0787664 -0.0326901 0.10166 -0.0374762 0 0 0 
0.0833538 0.0421925 -0.226162 0.00414022 0 0 0 
0.0813439 0.0488199 -0.169877 0.0102619 0 0 0 
0.0898683 -0.026649 -0.192844 0.0422849 0 0 0 
