28 0 0 1
1.8255e-19 -0.014 -0.04 0 0 0 -0.5 0.5 0.5 0.5 0 0 0 
0.0649713 0.0162161 0.006 -0.0581041 0 0 0 
0.0628454 0.00608979 0.006 -0.0062749 0 0 0 
0.0753735 0.00961974 0.006 0.026757 0 0 0 
0.0628645 -0.0119238 0.006 -0.0482597 0 0 0 
0.0754948 -0.0242954 0.006 -0.0075575 0 0 0 
0.0902681 -0.0215775 0.006 0.0389591 0 0 0 
0.0719196 0.00808566 -0.034 -0.0579653 0 0 0 
0.067169 0.0082893 -0.034 -0.013889 0 0 0 
0.074059 0.0104221 -0.034 0.0296931 0 0 0 
0.0736472 -0.025 -0.0221212 -0.0521525 0 0 0 
0.0746576 -0.0234386 -0.034 -0.0067442 0 0 0 
0.070616 0.025 -0.0130644 -0.0038463 0 0 0 
0.0633253 -0.025 -0.0155771 -0.0079911 0 0 0 
0.0690534 0.025 -0.0167125 -0.0610259 0 0 0 
0.0801781 0.00395851 0.006 -0.087496 0 0 0 
0.0992138 -0.0245977 -0.000243403 -0.09 0 0 0 
0.114861 0.025 -0.00306423 0.0474767 0 0 0 
0.103388 0.0111994 -0.0311488 -0.09 0 0 0 
0.0924943 -0.025 -0.0254165 -0.079204 0 0 0 
0.0868712 -0.0113028 -0.034 0.0470419 0 0 0 
0.0666658 0.025 -0.0167829 -0.0326688 0 0 0 
0.123706 0.021399 -0.0295849 0.055 0 0 0 
0.107052 -0.0247129 -0.0101018 0.055 0 0 0 
0.0638959 -0.025 -0.0127557 0.0210788 0 0 0 
0.0676694 0.018764 0.006 -0.0309292 0 0 0 
0.103194 0.025 0.00178513 -0.089177 0 0 0 
0.081498 -0.025 0.00563194 -0.0706093 0 0 0 
0.0655554 -0.015067 -0.034 0.0175304 0 0 0 
