128 0 0 1
-5.76392e-19 -0.04 -3.83328e-18 0 0 0 0.5 0.5 -0.5 -0.5 0 0 0 
0.0269609 -0.00732662 0.168598 -0.00845218 0 0 0 
0.0227954 0.0348242 0.126814 0.0351494 0 0 0 
0.00620163 0.0357225 -0.00212976 0.0348933 0 0 0 
0.0178571 0.0361588 -0.126168 0.0343451 0 0 0 
0.0384887 0.0286977 -0.220397 0.0349584 0 0 0 
0.0150555 0.036511 -0.0826629 0.0339025 0 0 0 
0.00806981 0.0359767 -0.0362641 0.0345739 0 0 0 
0.031528 0.0339314 -0.173237 0.0364881 0 0 0 
0.00745644 0.0339155 0.0497726 0.0365006 0 0 0 
0.0345428 -0.0422657 -0.218184 -0.0188441 0 0 0 
0.00589083 0.0471183 0.00424926 -0.016421 0 0 0 
0.0308646 0.0487682 -0.170577 -0.0104489 0 0 0 
0.00891891 -0.0467691 -0.001083 -0.0176819 0 0 0 
0.0362272 -0.0402571 -0.217936 0.0229665 0 0 0 
0.00696727 0.0473828 0.0518419 -0.0154632 0 0 0 
0.0189667 0.0484061 -0.131583 -0.0117594 0 0 0 
0.00869741 -0.0418817 -0.00210992 0.0271555 0 0 0 
0.0338442 -0.0488628 -0.173217 -0.0101066 0 0 0 
0.0129721 0.0458517 0.092875 -0.0195326 0 0 0 
0.0344699 -0.0411007 -0.172813 0.0281366 0 0 0 
0.00807452 -0.0467855 0.0386812 -0.0176254 0 0 0 
0.0165657 0.0456846 -0.0814156 -0.0198691 0 0 0 
0.0211668 0.0425677 0.134833 -0.0208397 0 0 0 
0.0263268 -0.0493882 -0.128175 -0.00686876 0 0 0 
0.00955284 -0.0394255 0.0480409 0.0302409 0 0 0 
0.0098073 0.0480623 -0.0438918 -0.0130035 0 0 0 
0.0136587 -0.0477321 0.0902538 -0.014199 0 0 0 
0.0213763 -0.0401292 -0.12332 0.029357 0 0 0 
0.0180013 -0.0391189 0.0959276 0.0306264 0 0 0 
0.025103 -0.0436631 0.139166 -0.0138876 0 0 0 
0.0131061 -0.0471302 -0.0784907 -0.0163777 0 0 0 
0.0241485 -0.0366078 0.129499 0.0321266 0 0 0 
0.0126354 -0.038521 -0.0898529 0.0313771 0 0 0 
0.0368739 0.0468678 -0.209774 -0.0133493 0 0 0 
0.00991279 -0.0487649 -0.0423257 -0.0104608 0 0 0 
0.0095447 -0.0433521 -0.041623 0.0245752 0 0 0 
0.034357 -0.020772 -0.241047 -0.0186182 0 0 0 
0.0345115 0.030265 -0.237708 -0.0108384 0 0 0 
0.0371183 -0.0204683 -0.236559 0.0265975 0 0 0 
0.0366839 0.00538837 -0.24398 0.0223118 0 0 0 
0.0285735 0.00165339 0.153609 0.0365859 0 0 0 
0.0232904 0.0435153 -0.153025 0.0242462 0 0 0 
0.0102778 -0.0338911 -0.0656067 0.0365201 0 0 0 
0.0265725 -0.0260169 0.151641 0.0280271 0 0 0 
0.024377 0.02909 0.156456 -0.0169138 0 0 0 
0.0281884 0.0238353 0.155409 0.0256399 0 0 0 
0.010713 0.0340133 0.0759785 0.0364228 0 0 0 
0.0353503 -0.0166873 -0.217102 -0.0438797 0 0 0 
0.00573982 0.0233492 0.000539389 -0.0439596 0 0 0 
0.0146238 0.0241001 -0.0827583 -0.0435875 0 0 0 
0.0371286 0.0225538 -0.174563 -0.0443542 0 0 0 
0.0385753 -0.0139002 -0.218455 0.0440136 0 0 0 
0.00656963 0.0330051 0.0483214 -0.0372253 0 0 0 
0.0206345 0.0347252 -0.131871 -0.0358562 0 0 0 
0.00878667 0.0333961 -0.0452013 -0.0369141 0 0 0 
0.0351948 -0.0200701 -0.171666 -0.0455852 0 0 0 
0.0159605 -0.0103883 0.0875171 0.0487849 0 0 0 
0.0326356 -0.0202733 -0.164453 0.0454845 0 0 0 
0.00701801 -0.00784998 -0.00223235 -0.0493009 0 0 0 
0.0187691 -0.0133319 -0.12729 0.0479717 0 0 0 
0.0227348 -0.0178275 -0.121063 -0.0466969 0 0 0 
0.0217494 -0.0170872 0.126784 -0.0463301 0 0 0 
0.00720532 -0.0164024 0.00503502 0.0471234 0 0 0 
0.0148178 -0.0101064 -0.0843843 -0.0488628 0 0 0 
0.0257426 -0.00888308 0.130956 0.0477875 0 0 0 
0.00835083 -0.014208 0.0525435 -0.0477296 0 0 0 
0.00915199 -0.0211134 -0.035573 -0.0450677 0 0 0 
0.00932305 -0.0105662 0.0527274 0.0487358 0 0 0 
0.0374921 0.0250504 -0.217866 -0.0392316 0 0 0 
0.00894683 -0.0205944 -0.041182 0.045325 0 0 0 
0.0116438 -0.011806 0.0837405 -0.0483933 0 0 0 
0.0116322 0.0039977 -0.0857729 0.0496437 0 0 0 
0.0224115 0.0469822 0.134561 0.00725848 0 0 0 
0.022117 0.00944834 -0.126522 -0.0490446 0 0 0 
0.00756191 0.0125456 -0.0380482 0.0481888 0 0 0 
0.0218016 0.0191494 0.134911 -0.0433765 0 0 0 
0.013674 0.0138518 0.0932422 -0.0478281 0 0 0 
0.0165529 0.0142523 -0.120466 0.0477174 0 0 0 
0.00843533 -0.0330569 0.00903399 -0.037184 0 0 0 
0.0244008 -0.00904151 0.150506 -0.03805 0 0 0 
0.00722518 -0.0120649 0.0228729 -0.0483217 0 0 0 
0.0330966 -0.0493602 -0.155055 0.00718353 0 0 0 
0.00910083 -0.0496982 0.0593495 -0.00338683 0 0 0 
0.0374539 0.0047876 -0.203237 -0.0492862 0 0 0 
0.00833502 0.0493374 0.0628907 0.0074395 0 0 0 
0.0274703 0.00612018 -0.153947 0.0494549 0 0 0 
0.00755069 0.049705 -0.0230298 0.00330915 0 0 0 
0.0382048 0.00965472 -0.193617 0.0489876 0 0 0 
0.0123112 -0.0318631 -0.0688161 -0.0381341 0 0 0 
0.0344809 -0.0325598 -0.199382 -0.0375799 0 0 0 
0.0199054 0.0114688 0.108095 0.0484865 0 0 0 
0.00643378 0.00803201 0.0239394 0.0492848 0 0 0 
0.00733603 0.0128076 -0.0313408 -0.0481165 0 0 0 
0.0174751 0.0350884 0.111597 -0.0355672 0 0 0 
0.0090625 -0.0495573 -0.0114913 0.00496662 0 0 0 
0.00612336 0.0497256 0.0264929 0.00307825 0 0 0 
0.0177476 -0.0496679 -0.102086 -0.00372594 0 0 0 
0.0107245 0.00167498 -0.0596339 -0.0498507 0 0 0 
0.00824461 -0.049353 0.0310101 0.00726434 0 0 0 
0.0063099 0.00586998 -0.00686532 0.049477 0 0 0 
0.00599582 0.0167991 0.0311372 -0.0470138 0 0 0 
0.00831253 -0.0331467 0.0247767 0.0371126 0 0 0 
0.0249154 -0.0382792 -0.125446 -0.0316811 0 0 0 
0.011111 -0.0480383 -0.0697364 0.0130904 0 0 0 
0.014157 0.0450142 0.0966879 0.0212223 0 0 0 
0.034484 -0.000407439 -0.237519 -0.0325876 0 0 0 
0.0174276 -0.0373803 0.107579 -0.0328106 0 0 0 
0.0330169 -0.0376688 -0.159542 -0.0324481 0 0 0 
0.0357557 0.0468208 -0.200863 0.0172184 0 0 0 
0.01756 0.048126 -0.113773 0.0127732 0 0 0 
0.0140498 0.0474858 -0.06332 0.0150905 0 0 0 
0.00872852 -0.0354427 0.0558338 -0.0352448 0 0 0 
0.00654138 0.0412677 -0.0177901 -0.0279267 0 0 0 
0.0354266 0.0371543 -0.230148 0.0130386 0 0 0 
0.00619886 0.0381621 0.0226735 0.0318281 0 0 0 
0.0177792 0.0485688 -0.104742 -0.0111704 0 0 0 
0.034179 -0.0496404 -0.198577 -0.0040385 0 0 0 
0.020056 -0.0493194 0.108061 0.00764296 0 0 0 
0.0315016 0.0017355 -0.153894 -0.0498453 0 0 0 
0.0104153 0.0323591 0.0786543 -0.0377396 0 0 0 
0.0359154 -0.0206832 -0.191077 0.0452815 0 0 0 
0.0125243 -0.017812 -0.0971591 0.0467045 0 0 0 
0.025776 -0.0349842 0.155251 0.00433128 0 0 0 
0.0347536 0.00124699 -0.24972 -0.00190036 0 0 0 
0.00924597 0.0134832 0.0612302 0.0479299 0 0 0 
0.00630667 0.0483971 0.00162275 0.011792 0 0 0 
0.0111724 -0.036122 0.0812838 -0.0343913 0 0 0 
0.0178284 -0.0355971 -0.100092 -0.0350507 0 0 0 
