148 0 0 1
1.44007e-10 -0.07 -8.25014e-11 0 0 0 0.683384 0.683384 -0.18162 -0.18162 0 0 0 
0.0234051 -0.00879587 0.16583 -0.0177787 0 0 0 
0.00607008 0.0361978 -0.0134969 0.034296 0 0 0 
0.0264625 0.0251109 0.153403 0.0267544 0 0 0 
0.0199283 0.0301598 0.157696 -0.0111648 0 0 0 
0.0330374 0.0345573 -0.231236 0.0359899 0 0 0 
0.00945744 0.0339015 0.0777 0.0365119 0 0 0 
0.0266513 -0.0103978 0.159918 0.0276703 0 0 0 
0.0250305 0.0356413 -0.185859 0.0349952 0 0 0 
0.00630735 0.0359927 0.0283912 0.0345538 0 0 0 
0.0382898 -0.0449485 -0.276043 -0.014001 0 0 0 
0.0355676 -0.0470879 -0.138864 -0.0165309 0 0 0 
0.00816364 0.0471988 -0.0626974 -0.0161293 0 0 0 
0.014173 -0.0360643 0.0709905 0.0344638 0 0 0 
0.00679445 0.0488835 0.0725703 -0.0100316 0 0 0 
0.0122364 -0.0474482 -0.00945113 -0.0152265 0 0 0 
0.0352865 -0.0442649 -0.147779 0.0227333 0 0 0 
0.00669265 0.0388362 -0.0621424 0.0309811 0 0 0 
0.0353506 -0.03796 -0.275052 0.028357 0 0 0 
0.0268059 -0.0491672 0.112019 -0.00900464 0 0 0 
0.0112311 0.0474266 0.12265 -0.0144423 0 0 0 
0.0114144 -0.043198 -0.0138669 0.0248863 0 0 0 
0.029412 -0.0475907 -0.104698 -0.0147107 0 0 0 
0.00614704 0.0477884 -0.00808896 -0.0139951 0 0 0 
0.0277121 -0.0372945 0.120965 0.0328013 0 0 0 
0.0327798 -0.0491434 -0.236312 -0.00909072 0 0 0 
0.0194328 0.037431 0.122209 0.0324787 0 0 0 
0.0141558 -0.0460919 0.0344552 -0.0190478 0 0 0 
0.0310406 -0.0394989 -0.105602 0.0301485 0 0 0 
0.0055627 0.0478681 0.0351696 -0.0137066 0 0 0 
0.0317586 -0.0371338 -0.232715 0.0331203 0 0 0 
0.0097196 -0.0379547 0.0222009 0.0320887 0 0 0 
0.017648 -0.0492035 -0.0603242 -0.00887351 0 0 0 
0.03357 -0.0488067 -0.182706 -0.0103093 0 0 0 
0.0332963 0.0432749 -0.273878 -0.0199516 0 0 0 
0.0169056 -0.0396667 -0.055642 0.0299378 0 0 0 
0.0194425 -0.0468986 0.0671722 -0.0172162 0 0 0 
0.0333969 -0.0439284 -0.186026 0.0234126 0 0 0 
0.0372313 0.0422647 -0.271658 0.0232604 0 0 0 
0.0193354 0.0469093 -0.142918 -0.0171772 0 0 0 
0.0334319 0.0479149 -0.227439 -0.0135376 0 0 0 
0.0151278 0.0437604 -0.150595 0.0237513 0 0 0 
0.0328163 0.0489795 -0.193849 -0.00968409 0 0 0 
0.0119316 0.0452937 -0.1051 -0.0206576 0 0 0 
0.00879513 0.0383887 -0.104044 0.0315433 0 0 0 
0.0237094 -0.0334704 0.153951 -0.0148384 0 0 0 
0.0372469 -0.0115297 -0.304214 -0.0194329 0 0 0 
0.0397077 0.0245972 -0.296692 0.0231587 0 0 0 
0.0350449 0.0288172 -0.296856 -0.0165817 0 0 0 
0.0379148 -0.0138749 -0.29811 0.0286091 0 0 0 
0.0320279 -0.0486096 -0.209623 -0.0110228 0 0 0 
0.00654609 0.0493151 -0.0327062 -0.00769108 0 0 0 
0.0242109 0.0310339 -0.145984 -0.0387942 0 0 0 
0.00780537 0.0341097 0.074551 -0.0363461 0 0 0 
0.0354562 -0.0176918 -0.270734 -0.0453117 0 0 0 
0.00992223 -0.0154297 -0.0165508 -0.0473921 0 0 0 
0.0333087 0.0305809 -0.234329 -0.0391551 0 0 0 
0.0188648 -0.00731296 0.117178 -0.0493489 0 0 0 
0.00955912 0.0346628 0.110143 -0.0359059 0 0 0 
0.0118713 0.0308018 -0.0966661 -0.0389789 0 0 0 
0.00914343 -0.00691529 -0.0176227 0.049384 0 0 0 
0.0369313 -0.0086196 -0.27963 0.0449492 0 0 0 
0.0362097 0.0300586 -0.192166 -0.0395708 0 0 0 
0.0121894 -0.0170992 0.0363206 -0.0469309 0 0 0 
0.0340491 -0.0178824 -0.23343 -0.0466697 0 0 0 
0.00941942 0.0340256 -0.0541843 -0.0364131 0 0 0 
0.0321441 0.0249061 -0.272874 -0.0411094 0 0 0 
0.00845464 -0.0103563 0.0285391 0.0487938 0 0 0 
0.0329942 -0.0134196 -0.23059 0.0479475 0 0 0 
0.0280396 -0.0115174 -0.140946 -0.0484729 0 0 0 
0.0171698 -0.0184701 0.0734233 -0.0463783 0 0 0 
0.0353186 -0.010657 -0.191559 -0.0487107 0 0 0 
0.0310021 -0.0175283 -0.149041 0.0468124 0 0 0 
0.0338925 -0.00786088 -0.193754 0.0493 0 0 0 
0.0081153 0.033091 -0.016293 -0.0371568 0 0 0 
0.017269 -0.0171348 -0.10114 -0.0469211 0 0 0 
0.0216326 -0.0126454 -0.102659 0.0481613 0 0 0 
0.00674013 0.0330291 0.0307656 -0.0372062 0 0 0 
0.0106738 -0.0161575 -0.0503711 -0.047191 0 0 0 
0.0131318 -0.00915157 -0.0623209 0.0491266 0 0 0 
0.00872825 0.0493936 -0.096092 0.0068078 0 0 0 
0.0110513 0.00755312 0.0665546 -0.0493273 0 0 0 
0.00978653 0.00694427 0.0662304 0.0493815 0 0 0 
0.0209264 0.00266062 0.117307 0.0497631 0 0 0 
0.0197691 0.00359556 0.15402 -0.0360821 0 0 0 
0.0201291 0.0112907 -0.150831 0.0485356 0 0 0 
0.012381 0.0115531 -0.0969176 0.0484631 0 0 0 
0.0100277 0.0114032 -0.0527452 -0.0485045 0 0 0 
0.00896889 0.00956948 0.0316613 -0.0490112 0 0 0 
0.0354641 0.0223592 -0.256236 0.0444508 0 0 0 
0.0115566 -0.0495723 0.0073151 0.00479976 0 0 0 
0.0116199 0.00280755 -0.0826918 -0.0497497 0 0 0 
0.00898848 0.0067586 0.00517094 -0.049398 0 0 0 
0.0333846 0.00511241 -0.166057 -0.0495445 0 0 0 
0.00818208 0.00999297 -0.0360158 0.0488941 0 0 0 
0.0350738 0.00850734 -0.218728 -0.0492425 0 0 0 
0.0137796 0.0170213 -0.123662 0.0469524 0 0 0 
0.00751301 0.0138537 0.003319 0.0478275 0 0 0 
0.0331545 0.0148754 -0.220114 0.0475452 0 0 0 
0.00968855 -0.0161423 0.054532 0.0471952 0 0 0 
0.0187354 -0.0197231 0.0994859 0.0457573 0 0 0 
0.0230059 -0.0196439 0.14091 -0.0404548 0 0 0 
0.0100142 0.0499506 0.102012 0.000554603 0 0 0 
0.0222799 0.0499223 -0.161981 -0.000871527 0 0 0 
0.0256987 -0.0441109 0.14194 0.00595111 0 0 0 
0.0341464 0.00374463 -0.291726 -0.037886 0 0 0 
0.0112927 -0.0251865 0.0126197 -0.0430492 0 0 0 
0.0156303 -0.0338567 -0.073136 -0.0365475 0 0 0 
0.00531331 0.0491786 0.0231913 0.00896356 0 0 0 
0.0196749 -0.0480292 0.0788327 0.0131238 0 0 0 
0.0329627 0.0481487 -0.229806 0.0126911 0 0 0 
0.0188873 0.0456295 0.134941 0.0126394 0 0 0 
0.0126478 -0.0480283 0.0438548 0.0131269 0 0 0 
0.0345572 -0.0369042 -0.16656 -0.0334085 0 0 0 
0.0227945 -0.0369106 0.0859218 -0.0334007 0 0 0 
0.0346573 -0.0390812 -0.247755 -0.0306738 0 0 0 
0.00628222 0.0471077 0.0573038 0.0164591 0 0 0 
0.0334024 -0.0386955 -0.197461 -0.0311581 0 0 0 
0.0117667 -0.0354952 -0.034347 -0.0351789 0 0 0 
0.024401 -0.0208867 0.164741 0.00474005 0 0 0 
0.00849472 0.0172986 -0.0615436 0.0468758 0 0 0 
0.0270225 0.0147055 -0.180834 0.0475922 0 0 0 
0.0126563 0.0250052 0.136115 -0.0401264 0 0 0 
0.0265585 -0.0493859 -0.0872508 0.00689459 0 0 0 
0.0334831 0.0496816 -0.255232 -0.00357635 0 0 0 
0.0119078 0.0496891 -0.123406 0.00348712 0 0 0 
0.0323436 0.00550737 -0.257014 -0.0495096 0 0 0 
0.0117868 0.0124069 0.0911548 -0.0482273 0 0 0 
0.0381867 -0.0273463 -0.30124 0.00490637 0 0 0 
0.0344999 -0.0323387 -0.167863 0.0377557 0 0 0 
0.0180276 0.00249148 -0.118472 -0.0497779 0 0 0 
0.013779 -0.0496971 -0.0350393 -0.00339692 0 0 0 
0.0316176 -0.0474758 -0.217459 0.0151267 0 0 0 
0.00602937 0.0449188 -0.0398568 0.0214136 0 0 0 
0.0160854 -0.0356951 0.0517671 -0.0349277 0 0 0 
0.0262708 -0.0473837 0.105386 0.0154603 0 0 0 
0.0282844 -0.0332187 -0.122499 -0.0370552 0 0 0 
0.0320952 -0.0306616 -0.127203 0.0390906 0 0 0 
0.0124234 -0.0307748 -0.0340521 0.0390004 0 0 0 
0.0330753 -0.032445 -0.204393 0.0376712 0 0 0 
0.0278715 -0.0211573 0.140688 0.0398093 0 0 0 
0.00556203 0.0479549 -0.00554092 0.0133925 0 0 0 
0.0255759 -0.0395591 0.127381 -0.0291647 0 0 0 
0.00706857 0.0492245 -0.0680472 0.00871013 0 0 0 
0.0331878 -0.0247164 -0.257151 0.0432825 0 0 0 
0.0328605 -0.0461033 -0.251502 0.019025 0 0 0 
0.0270016 0.00549939 0.144953 0.0426672 0 0 0 
0.0139044 0.0199293 0.0968545 0.0456551 0 0 0 
0.0307942 0.0452918 -0.205477 0.020662 0 0 0 
