591 0 0 1
1.5 3 0.5 0 0 0 0 0 0 0 0 0 0 
0.059138 -0.0830184 -0.0631352 0.15 0 0 0 
0.0688362 0.0429351 -0.0674935 0.15 0 0 0 
0.0734005 0.134306 0.0257083 0.15 0 0 0 
0.0686726 0.0892155 -0.0242478 0.15 0 0 0 
0.0622051 -0.211313 -0.0656217 0.15 0 0 0 
0.0619784 -0.167511 0.0175067 0.15 0 0 0 
0.059755 0.171668 0.0625986 0.15 0 0 0 
0.0794398 -0.0902832 -0.0225964 0.15 0 0 0 
0.0744174 0.0515313 -0.0209994 0.15 0 0 0 
0.0634562 -0.207859 -0.0246011 0.15 0 0 0 
0.0695872 0.0892182 0.0259861 0.15 0 0 0 
0.062824 0.137948 0.0701897 0.15 0 0 0 
0.0656323 -0.168344 0.0721771 0.15 0 0 0 
0.0633269 0.218961 -0.0597137 0.15 0 0 0 
0.0849596 0.0436462 0.0186387 0.15 0 0 0 
0.0553956 -0.215574 0.0183731 0.15 0 0 0 
0.0628477 0.0888906 0.0689126 0.15 0 0 0 
0.0642699 0.213561 -0.0179335 0.15 0 0 0 
0.0621643 -0.131552 -0.0660801 0.15 0 0 0 
0.0667722 0.170453 -0.0680694 0.15 0 0 0 
0.0568263 -0.212164 0.0655718 0.15 0 0 0 
0.0699541 0.0416278 0.0617998 0.15 0 0 0 
0.0680266 0.136902 -0.0660724 0.15 0 0 0 
0.085287 -0.084975 0.0177275 0.15 0 0 0 
0.0750351 -0.122858 -0.0141873 0.15 0 0 0 
0.0615197 0.218155 0.0262057 0.15 0 0 0 
0.0784232 0.171032 -0.0237761 0.15 0 0 0 
0.0639772 -0.17372 -0.0698277 0.15 0 0 0 
0.0747184 0.130724 -0.0190501 0.15 0 0 0 
0.0697589 0.0963428 -0.061577 0.15 0 0 0 
0.0742372 -0.121841 0.0158532 0.15 0 0 0 
0.0666242 -0.169035 -0.0223916 0.15 0 0 0 
0.0685204 0.174434 0.0274741 0.15 0 0 0 
0.0578537 0.218911 0.0697612 0.15 0 0 0 
0.0689224 -0.0903549 0.0588343 0.15 0 0 0 
0.0661644 -0.125935 0.0617513 0.15 0 0 0 
0.0782037 -0.0415992 0.0266837 0.15 0 0 0 
0.0614271 -0.046071 -0.0688359 0.15 0 0 0 
0.0649851 -0.0432266 0.0629782 0.15 0 0 0 
0.0769831 -0.0437623 -0.0149964 0.15 0 0 0 
0.0638731 0.00757931 -0.0600343 0.15 0 0 0 
0.0748818 0.00980037 -0.0210352 0.15 0 0 0 
0.0822574 0.000152898 0.0188157 0.15 0 0 0 
0.0656312 -0.000408372 0.0719106 0.15 0 0 0 
0.0628615 -0.248127 0.0238417 0.15 0 0 0 
0.0886588 -0.25 -0.0177942 -0.0265432 0 0 0 
0.0685184 -0.25 -0.0623193 -0.118471 0 0 0 
0.0709921 -0.0205606 -0.026285 0.15 0 0 0 
0.0714459 -0.25 0.0695633 -0.116735 0 0 0 
0.0724915 -0.25 -0.067888 -0.0650621 0 0 0 
0.0647897 -0.25 -0.0258354 0.10738 0 0 0 
0.0692338 -0.25 -0.057517 -0.022399 0 0 0 
0.0666113 -0.25 0.0699907 -0.0688703 0 0 0 
0.0703986 -0.24284 -0.0257964 0.15 0 0 0 
0.0610708 -0.25 -0.0672705 0.015648 0 0 0 
0.0664791 -0.25 0.0723489 -0.0242012 0 0 0 
0.0721167 -0.25 0.0288882 -0.112378 0 0 0 
0.0749243 -0.25 0.0157439 -0.0669592 0 0 0 
0.0636104 -0.25 -0.0687185 0.0580725 0 0 0 
0.0714728 -0.25 0.0702573 0.01195 0 0 0 
0.0862139 -0.25 0.0181467 -0.0224442 0 0 0 
0.0578765 -0.25 -0.0591549 0.100038 0 0 0 
0.0618939 -0.25 0.0676228 0.104727 0 0 0 
0.0716443 -0.246889 -0.0699588 0.15 0 0 0 
0.0893645 -0.25 0.0281059 0.0229941 0 0 0 
0.0609821 -0.25 0.0594401 0.148675 0 0 0 
0.0798418 -0.25 0.0284125 0.0526967 0 0 0 
0.0712631 -0.25 -0.0147049 -0.109044 0 0 0 
0.0674798 -0.25 0.0243407 0.102227 0 0 0 
0.0821564 -0.25 -0.0198169 -0.070234 0 0 0 
0.0691259 0.25 -0.0267132 0.0142997 0 0 0 
0.0750347 0.25 0.016534 0.104168 0 0 0 
0.0698107 0.25 0.0166579 0.143137 0 0 0 
0.0689731 0.25 -0.0604158 -0.116686 0 0 0 
0.068634 0.25 -0.027496 0.0523934 0 0 0 
0.0637811 0.25 -0.0608546 -0.0291478 0 0 0 
0.0685674 0.25 -0.0674549 -0.07098 0 0 0 
0.0684294 0.25 -0.0239575 0.0994411 0 0 0 
0.0718276 0.25 0.0700761 -0.117886 0 0 0 
0.0685781 0.25 -0.0606509 0.0175617 0 0 0 
0.0678877 0.25 -0.014683 0.147354 0 0 0 
0.0663158 0.25 -0.0656249 0.0540472 0 0 0 
0.070068 0.25 0.0667598 -0.0704173 0 0 0 
0.0585659 0.25 -0.0661894 0.108343 0 0 0 
0.0704654 0.25 0.0720942 -0.0250255 0 0 0 
0.0697516 0.25 0.0277979 -0.110063 0 0 0 
0.0708757 0.25 -0.0687743 0.146645 0 0 0 
0.0689503 0.25 0.0272241 -0.0658016 0 0 0 
0.0642049 0.25 0.069192 0.0213777 0 0 0 
0.0699321 0.25 -0.0227435 -0.109657 0 0 0 
0.075669 0.25 0.022626 -0.0247859 0 0 0 
0.0628085 0.25 0.0669629 0.104515 0 0 0 
0.0744555 0.25 -0.022578 -0.0735316 0 0 0 
0.0697307 0.25 0.029782 0.0614265 0 0 0 
0.0699644 0.243138 0.0621214 0.15 0 0 0 
0.0691207 0.25 -0.0166723 -0.0334138 0 0 0 
0.0653278 -0.212134 -0.1 -0.119095 0 0 0 
0.0711179 -0.176779 -0.1 0.0656579 0 0 0 
0.0663031 -0.0362944 -0.1 -0.0661497 0 0 0 
0.069644 0.127397 -0.1 -0.026345 0 0 0 
0.0720733 3.73637e-05 -0.1 0.0982418 0 0 0 
0.0673804 0.168865 -0.0965499 0.15 0 0 0 
0.0728307 -0.086089 -0.1 -0.112437 0 0 0 
0.0640424 -0.165172 -0.1 0.106756 0 0 0 
0.0649244 -0.211907 -0.1 -0.0638171 0 0 0 
0.0654661 -0.0439149 -0.1 -0.0276109 0 0 0 
0.0731355 0.128366 -0.1 0.011202 0 0 0 
0.0642063 0.000104659 -0.0870283 0.15 0 0 0 
0.0812494 -0.0829973 -0.1 -0.0641612 0 0 0 
0.066462 0.226092 -0.1 -0.10899 0 0 0 
0.0672784 -0.0399954 -0.1 0.0129165 0 0 0 
0.059377 -0.21795 -0.1 -0.0228543 0 0 0 
0.0799241 0.13063 -0.1 0.0549874 0 0 0 
0.0763377 -0.000507542 0.0442568 0.15 0 0 0 
0.0724007 -0.0911993 -0.1 -0.024714 0 0 0 
0.071955 -0.0383272 -0.1 0.0647088 0 0 0 
0.061003 -0.220219 -0.1 0.0167212 0 0 0 
0.0647361 0.215022 -0.1 -0.063939 0 0 0 
0.0622168 -0.122837 -0.1 -0.118697 0 0 0 
0.0748166 -0.0791533 -0.1 0.02119 0 0 0 
0.0666061 0.125849 -0.1 0.0973469 0 0 0 
0.0679371 0.0486199 -0.1 -0.115549 0 0 0 
0.0669518 -0.0336946 -0.1 0.106393 0 0 0 
0.0668431 -0.217636 -0.1 0.0620845 0 0 0 
0.0640024 0.212198 -0.1 -0.0281426 0 0 0 
0.0823187 -0.123451 -0.1 -0.0770044 0 0 0 
0.0785697 -0.0768579 -0.1 0.0571835 0 0 0 
0.0719866 0.131598 -0.1 0.149751 0 0 0 
0.0665849 0.0395578 -0.1 -0.0695057 0 0 0 
0.0640686 -0.0451658 -0.1 0.139817 0 0 0 
0.057053 -0.212224 -0.1 0.0999192 0 0 0 
0.0702891 -0.122462 -0.1 -0.0275382 0 0 0 
0.0692693 0.222408 -0.1 0.0191595 0 0 0 
0.0706312 -0.0809599 -0.1 0.0958731 0 0 0 
0.0690319 0.0503407 -0.1 -0.0249791 0 0 0 
0.0675222 -0.215994 -0.1 0.146154 0 0 0 
0.0744998 -0.121266 -0.1 0.0207256 0 0 0 
0.0663927 0.2175 -0.1 0.057764 0 0 0 
0.0685657 0.176272 -0.1 -0.120261 0 0 0 
0.0601763 -0.0774881 -0.0893508 0.15 0 0 0 
0.0654689 0.000309144 -0.1 -0.109125 0 0 0 
0.077083 0.047763 -0.1 0.011877 0 0 0 
0.0745172 -0.131645 -0.1 0.0527452 0 0 0 
0.0704352 0.181746 -0.1 -0.0719768 0 0 0 
0.066152 -0.000281925 -0.1 -0.0763181 0 0 0 
0.0623233 -0.176622 -0.1 -0.116426 0 0 0 
0.0730284 0.226104 -0.0952878 0.15 0 0 0 
0.0824701 0.0420332 -0.1 0.0531435 0 0 0 
0.0650856 -0.131785 -0.1 0.106244 0 0 0 
0.0646698 -0.04228 -0.1 -0.115905 0 0 0 
0.0703216 0.171379 -0.1 -0.0316679 0 0 0 
0.0683809 0.00444905 -0.1 -0.0236319 0 0 0 
0.0693331 -0.172946 -0.1 -0.0708125 0 0 0 
0.0852389 0.0476974 -0.1 0.0970585 0 0 0 
0.0674757 -0.124887 -0.1 0.145372 0 0 0 
0.0719035 0.176661 -0.1 0.0150071 0 0 0 
0.0688845 -0.000165676 -0.1 0.0179617 0 0 0 
0.0649249 -0.174843 -0.1 -0.0242642 0 0 0 
0.06564 0.0921445 -0.1 -0.117133 0 0 0 
0.0714105 0.178756 -0.1 0.0616615 0 0 0 
0.0734137 0.00938361 -0.1 0.0647348 0 0 0 
0.0687778 -0.17219 -0.1 0.0139416 0 0 0 
0.0696465 0.0857903 -0.1 -0.0745302 0 0 0 
0.0628683 0.182342 -0.1 0.0963437 0 0 0 
0.0652295 0.0871727 -0.1 -0.0286013 0 0 0 
0.0801056 0.0955041 -0.1 0.0207021 0 0 0 
0.0912136 0.0922063 -0.1 0.0538221 0 0 0 
0.0775746 0.0871727 -0.1 0.100094 0 0 0 
0.0754117 0.0947825 -0.1 0.14664 0 0 0 
0.0715334 0.134137 -0.1 -0.113491 0 0 0 
0.0774453 0.135053 -0.1 -0.0641713 0 0 0 
0.0808695 -0.247391 -0.1 -0.109006 0 0 0 
0.0657548 -0.193109 -0.0462278 0.15 0 0 0 
0.0700965 0.0228531 0.0863558 0.15 0 0 0 
0.0686009 0.100567 -0.00112536 0.15 0 0 0 
0.0756825 -0.108636 -0.1 0.065895 0 0 0 
0.0640072 -0.25 0.0824813 0.0562761 0 0 0 
0.0679369 -0.0211551 -0.1 0.147034 0 0 0 
0.0814008 -0.25 -0.0995265 -0.0653862 0 0 0 
0.0670349 -0.149315 -0.1 -0.0319733 0 0 0 
0.0658582 -0.242921 -0.1 -0.0285434 0 0 0 
0.0621888 -0.108121 -0.0554252 0.15 0 0 0 
0.0810699 0.0583276 -0.0969304 0.15 0 0 0 
0.0756035 -0.0232881 -0.000483505 0.15 0 0 0 
0.0648142 -0.25 -0.0943634 0.0163433 0 0 0 
0.0690698 -0.160287 -0.0916938 0.15 0 0 0 
0.0736084 -0.25 -0.0965666 0.0576458 0 0 0 
0.0678626 -0.152098 -0.0452521 0.15 0 0 0 
0.0625082 -0.0244802 0.0813558 0.15 0 0 0 
0.0621878 -0.247447 -0.1 0.102283 0 0 0 
0.0692205 0.194475 -0.0977288 0.15 0 0 0 
0.0699631 -0.0653289 -0.0424539 0.15 0 0 0 
0.0718132 0.19068 -0.0490896 0.15 0 0 0 
0.0757547 -0.0691685 0.0419371 0.15 0 0 0 
0.067393 -0.25 -0.0428792 0.0601881 0 0 0 
0.0639943 -0.0692065 0.0854913 0.15 0 0 0 
0.0618267 0.195595 0.041196 0.15 0 0 0 
0.0853058 -0.25 -0.00797268 0.0142651 0 0 0 
0.0562635 0.191706 0.0784296 0.15 0 0 0 
0.0757616 -0.25 -0.00713842 0.0610389 0 0 0 
0.0671149 0.238668 -0.1 -0.0340573 0 0 0 
0.0618042 0.236583 -0.1 0.108829 0 0 0 
0.0748829 0.25 0.0352453 0.0117378 0 0 0 
0.0756167 0.25 -0.0977893 -0.0774996 0 0 0 
0.0703843 0.0698551 -0.0495269 0.15 0 0 0 
0.0598402 -0.232793 -0.000520155 0.15 0 0 0 
0.0667806 -0.138799 0.0385842 0.15 0 0 0 
0.077796 0.25 -0.094282 0.0173369 0 0 0 
0.0712552 0.0717657 -0.00298286 0.15 0 0 0 
0.0594182 0.25 0.0798436 0.0594643 0 0 0 
0.0601892 0.159393 0.0850989 0.15 0 0 0 
0.0685215 -0.141141 0.0850918 0.15 0 0 0 
0.0709004 0.24388 -0.1 0.0642089 0 0 0 
0.0638895 -0.10469 -0.1 0.10552 0 0 0 
0.0726792 0.121638 -0.0445376 0.15 0 0 0 
0.0698143 0.1118 0.0389851 0.15 0 0 0 
0.0651449 0.115398 0.0868529 0.15 0 0 0 
0.0768234 0.0275538 -0.1 0.143701 0 0 0 
0.0649382 -0.130023 0.1 0.0546568 0 0 0 
0.0819262 0.182639 0.1 0.0643078 0 0 0 
0.0813923 0.00466057 0.1 -0.0231056 0 0 0 
0.0702378 -0.169391 0.1 -0.113814 0 0 0 
0.0677637 -0.125108 0.1 0.108876 0 0 0 
0.0689689 0.179468 0.1 0.10949 0 0 0 
0.0804073 -0.00154645 0.1 0.0124585 0 0 0 
0.0834447 -0.0397582 0.1 -0.109523 0 0 0 
0.0722109 -0.167914 0.1 -0.0699958 0 0 0 
0.0699406 0.00788217 0.1 0.0552779 0 0 0 
0.0749739 -0.16743 0.1 -0.0330978 0 0 0 
0.0655627 0.00959355 0.1 0.103469 0 0 0 
0.0698295 -0.21302 0.1 -0.110247 0 0 0 
0.0713026 -0.209637 0.1 -0.0719701 0 0 0 
0.0750331 -0.207682 0.1 -0.026921 0 0 0 
0.0672483 -0.219328 0.1 0.0140331 0 0 0 
0.0682166 0.222481 0.1 -0.111002 0 0 0 
0.0709262 0.0900587 0.1 -0.11883 0 0 0 
0.0760143 0.214693 0.1 -0.0767191 0 0 0 
0.0696181 0.0916741 0.1 -0.0737146 0 0 0 
0.067867 0.214576 0.1 -0.0329025 0 0 0 
0.0699023 0.0842196 0.1 -0.0295183 0 0 0 
0.0629774 -0.210671 0.1 0.0587655 0 0 0 
0.0800833 0.046196 0.1 -0.11087 0 0 0 
0.0599125 0.22596 0.1 0.0177686 0 0 0 
0.0672563 0.094357 0.1 0.0111436 0 0 0 
0.0720058 -0.167902 0.1 0.0102727 0 0 0 
0.0645017 -0.210382 0.1 0.10953 0 0 0 
0.0772572 0.0398129 0.1 -0.065362 0 0 0 
0.0698669 0.0888574 0.1 0.0630185 0 0 0 
0.0646645 0.223821 0.1 0.0658242 0 0 0 
0.0913427 -0.0370875 0.1 -0.0706609 0 0 0 
0.0672682 -0.163921 0.1 0.0578968 0 0 0 
0.0725723 -0.208428 0.0984681 0.15 0 0 0 
0.0771687 0.0412969 0.1 -0.0314469 0 0 0 
0.068326 0.0852278 0.1 0.107616 0 0 0 
0.0649451 0.214007 0.1 0.103156 0 0 0 
0.083465 -0.0359326 0.1 -0.0224469 0 0 0 
0.0718157 -0.170776 0.1 0.10226 0 0 0 
0.0754777 0.0400383 0.1 0.00938055 0 0 0 
0.0675417 0.21365 0.0995973 0.15 0 0 0 
0.0777368 -0.0400623 0.1 0.0208451 0 0 0 
0.0678776 0.0428867 0.1 0.0575406 0 0 0 
0.0791026 -0.0891429 0.1 -0.107781 0 0 0 
0.0743113 -0.0350196 0.1 0.0613065 0 0 0 
0.0670571 0.0416625 0.1 0.106199 0 0 0 
0.0702761 -0.127348 0.1 -0.115303 0 0 0 
0.0727051 0.084304 0.0974676 0.15 0 0 0 
0.0990416 -0.0791805 0.1 -0.0679131 0 0 0 
0.0632476 -0.0469961 0.1 0.103984 0 0 0 
0.080771 -0.130065 0.1 -0.0762424 0 0 0 
0.0802292 -0.0771075 0.1 -0.0321142 0 0 0 
0.0633713 -0.0447413 0.1 0.140715 0 0 0 
0.0686615 -0.128503 0.1 -0.0213537 0 0 0 
0.0715249 -0.0775021 0.1 0.0178214 0 0 0 
0.0662868 -0.127199 0.1 0.0157471 0 0 0 
0.0677836 0.132918 0.1 -0.111297 0 0 0 
0.0697123 -0.0887119 0.1 0.0619226 0 0 0 
0.0872062 -0.000615424 0.1 -0.110275 0 0 0 
0.0648963 0.138205 0.1 -0.0742771 0 0 0 
0.0636126 -0.0876972 0.1 0.107245 0 0 0 
0.0846926 0.00151605 0.1 -0.0756416 0 0 0 
0.0655386 0.127074 0.1 -0.0298286 0 0 0 
0.072542 0.127884 0.1 0.0195196 0 0 0 
0.0724164 0.12648 0.1 0.0568195 0 0 0 
0.0709728 0.135386 0.1 0.105918 0 0 0 
0.0686466 0.17564 0.1 -0.120885 0 0 0 
0.0696607 0.172976 0.1 -0.0637589 0 0 0 
0.0692461 0.174244 0.1 -0.0315234 0 0 0 
0.0761089 0.171094 0.1 0.0141714 0 0 0 
0.0705841 -0.25 0.0460956 -0.0764005 0 0 0 
0.0691777 -0.107964 0.0910548 0.15 0 0 0 
0.0760641 -0.25 0.0457443 -0.0219355 0 0 0 
0.0713259 -0.25 -0.0411306 0.0102886 0 0 0 
0.0748862 -0.161162 0.1 0.141071 0 0 0 
0.0751403 0.150125 0.00450628 0.15 0 0 0 
0.0698345 -0.25 0.0565825 0.0599789 0 0 0 
0.0764713 -0.0642832 0.1 -0.116284 0 0 0 
0.0767407 -0.246889 0.1 -0.109476 0 0 0 
0.0673569 0.141593 0.1 0.143896 0 0 0 
0.0734676 -0.25 0.0985173 0.0142707 0 0 0 
0.0673759 0.191968 0.00603506 0.15 0 0 0 
0.0693225 -0.248696 0.1 0.0577208 0 0 0 
0.0738717 -0.25 0.0994514 0.101587 0 0 0 
0.083259 -0.246192 0.1 0.148974 0 0 0 
0.0702412 0.0681147 0.1 0.00997291 0 0 0 
0.0798981 0.160287 0.1 0.0521339 0 0 0 
0.057176 -0.103284 -0.0804731 0.15 0 0 0 
0.0753323 -0.105629 0.1 -0.0331474 0 0 0 
0.0738332 0.24686 0.1 -0.0270406 0 0 0 
0.0654788 0.25 0.0934974 0.096375 0 0 0 
0.0837656 0.247656 0.1 0.14241 0 0 0 
0.0784545 -0.0422062 0.0254332 -0.15 0 0 0 
0.0698349 0.137072 0.0224758 -0.15 0 0 0 
0.0644027 0.0507143 -0.0654077 -0.15 0 0 0 
0.0645456 -0.215153 -0.0690742 -0.15 0 0 0 
0.0752551 0.0821985 -0.0216431 -0.15 0 0 0 
0.0753293 -0.173801 0.016445 -0.15 0 0 0 
0.0745545 0.0451155 -0.0196854 -0.15 0 0 0 
0.0716131 0.126371 0.0698121 -0.15 0 0 0 
0.0641915 -0.208607 -0.0202941 -0.15 0 0 0 
0.0727697 -0.0453192 0.0604664 -0.15 0 0 0 
0.0725759 0.086265 0.0195164 -0.15 0 0 0 
0.0729733 -0.16906 0.0702653 -0.15 0 0 0 
0.0683286 -0.0828463 -0.0615152 -0.15 0 0 0 
0.0702975 0.0470558 0.0183222 -0.15 0 0 0 
0.0679137 0.182024 -0.0694298 -0.15 0 0 0 
0.0735366 -0.214884 0.0272872 -0.15 0 0 0 
0.0712164 -0.00191306 -0.0604662 -0.15 0 0 0 
0.0680098 0.0835504 0.0591911 -0.15 0 0 0 
0.0564064 -0.133958 -0.0626316 -0.15 0 0 0 
0.071586 -0.089837 -0.0236956 -0.15 0 0 0 
0.0669411 0.0401122 0.0692772 -0.15 0 0 0 
0.0658825 0.171375 -0.0155059 -0.15 0 0 0 
0.0767764 -0.00121039 -0.0197453 -0.15 0 0 0 
0.0668408 -0.126193 -0.021203 -0.15 0 0 0 
0.0683717 0.134888 -0.0660572 -0.15 0 0 0 
0.0792069 -0.215292 0.0639566 -0.15 0 0 0 
0.073288 -0.0848665 0.0278077 -0.15 0 0 0 
0.0727017 0.00155821 0.024873 -0.15 0 0 0 
0.0613037 0.0822207 -0.0616134 -0.15 0 0 0 
0.0696338 0.175027 0.0226582 -0.15 0 0 0 
0.0682437 -0.130583 0.0236791 -0.15 0 0 0 
0.0734371 0.129767 -0.0182714 -0.15 0 0 0 
0.0615565 -0.174145 -0.0661236 -0.15 0 0 0 
0.0703249 0.00518692 0.0730089 -0.15 0 0 0 
0.0619111 -0.130589 0.0707021 -0.15 0 0 0 
0.0686329 0.181377 0.0639616 -0.15 0 0 0 
0.0666307 -0.0785558 0.0638954 -0.15 0 0 0 
0.070059 -0.166305 -0.023316 -0.15 0 0 0 
0.069716 -0.0428135 -0.0644397 -0.15 0 0 0 
0.0659706 0.224215 -0.0586056 -0.15 0 0 0 
0.0774283 -0.0476141 -0.022492 -0.15 0 0 0 
0.063218 0.215411 -0.0267619 -0.15 0 0 0 
0.0684442 0.218445 0.0241102 -0.15 0 0 0 
0.0674701 0.212741 0.0675405 -0.15 0 0 0 
0.0700345 -0.241579 -0.0581669 -0.15 0 0 0 
0.0744755 -0.241398 0.0281175 -0.15 0 0 0 
0.0843708 -0.25 0.0724444 -0.144323 0 0 0 
0.0725465 -0.25 -0.0607698 -0.0931424 0 0 0 
0.0662995 -0.25 -0.0193235 -0.141221 0 0 0 
0.0698865 0.25 -0.0217586 -0.144978 0 0 0 
0.0685691 0.25 0.0188395 0.0357724 0 0 0 
0.0803358 -0.207428 -0.1 -0.147313 0 0 0 
0.0742176 0.0518332 -0.1 -0.143355 0 0 0 
0.0744662 -0.0783361 -0.1 -0.147241 0 0 0 
0.0747861 -0.172474 0.041513 -0.15 0 0 0 
0.0767625 0.176408 -0.0959497 -0.15 0 0 0 
0.0721765 0.217309 -0.0868739 -0.15 0 0 0 
0.0743323 -0.0408515 0.0867259 -0.15 0 0 0 
0.0657786 -0.164891 -0.0956633 -0.15 0 0 0 
0.0786655 0.00957717 -0.0946685 -0.15 0 0 0 
0.0580886 0.174206 -0.1 0.121899 0 0 0 
0.0682434 0.094741 -0.1 -0.143815 0 0 0 
0.0723303 0.0938371 0.0855487 -0.15 0 0 0 
0.0863669 -0.25 -0.0865306 -0.140964 0 0 0 
0.0735696 -0.0257684 -0.0979106 -0.15 0 0 0 
0.0673588 0.107702 -0.0548927 -0.15 0 0 0 
0.0711236 -0.109332 -0.1 -0.00600758 0 0 0 
0.0712039 -0.25 0.0372361 -0.0518591 0 0 0 
0.07131 0.107039 0.0387477 -0.15 0 0 0 
0.0729449 -0.25 0.038698 0.0776946 0 0 0 
0.0769316 -0.0290919 -0.00150608 -0.15 0 0 0 
0.0799975 -0.25 -0.043912 -0.0573893 0 0 0 
0.0735767 0.148973 -0.0919328 -0.15 0 0 0 
0.073491 0.231537 0.0845675 -0.15 0 0 0 
0.0690603 -0.0670161 -0.1 -0.0119751 0 0 0 
0.0722738 -0.159036 -0.1 0.0361372 0 0 0 
0.0679054 0.0166433 -0.1 -0.0543148 0 0 0 
0.071042 0.153125 -0.1 -0.0141202 0 0 0 
0.0753672 0.150272 -0.1 0.0290355 0 0 0 
0.061973 -0.0687219 -0.1 0.120641 0 0 0 
0.0661028 0.0662484 -0.1 -0.0538264 0 0 0 
0.0696041 0.144955 -0.1 0.0771479 0 0 0 
0.0687676 0.190546 -0.1 -0.09634 0 0 0 
0.067612 0.0600042 0.0423806 -0.15 0 0 0 
0.0691315 0.104851 -0.1 -0.0497188 0 0 0 
0.0702339 -0.102305 -0.000723444 -0.15 0 0 0 
0.0710132 0.25 -0.00731635 -0.00753315 0 0 0 
0.0573662 -0.139303 -0.0885438 -0.15 0 0 0 
0.08351 0.25 -0.0879045 -0.1391 0 0 0 
0.0547798 -0.229868 -0.1 0.121077 0 0 0 
0.0683344 0.25 -0.00785482 0.0336416 0 0 0 
0.0650942 -0.146663 -0.1 -0.10469 0 0 0 
0.0769974 0.25 -0.096763 -0.105103 0 0 0 
0.0620272 -0.101693 0.0792242 -0.15 0 0 0 
0.0728762 0.158103 0.0864488 -0.15 0 0 0 
0.0717473 0.25 -0.00273075 0.0689613 0 0 0 
0.0668909 0.117328 -0.0882513 -0.15 0 0 0 
0.0620357 -0.228218 -0.0037277 -0.15 0 0 0 
0.0697182 -0.0552996 -0.0881908 -0.15 0 0 0 
0.0729 0.112621 -0.1 -0.0984521 0 0 0 
0.0811475 0.246901 0.0348072 -0.15 0 0 0 
0.0692928 0.25 -0.0884085 -0.00696994 0 0 0 
0.0691731 -0.0587869 -0.1 -0.0499759 0 0 0 
0.0684665 0.25 0.0379561 0.123566 0 0 0 
0.071883 -0.0561445 -0.1 0.0373084 0 0 0 
0.0704316 -0.0166494 -0.1 0.0778433 0 0 0 
0.0645714 -0.00560477 -0.1 0.124226 0 0 0 
0.0717648 0.0285467 -0.0524663 -0.15 0 0 0 
0.0678127 0.0318418 0.0384502 -0.15 0 0 0 
0.0624599 0.0757836 -0.0859358 -0.15 0 0 0 
0.0751009 0.135214 0.1 -0.137211 0 0 0 
0.0866876 -0.218939 0.1 -0.145618 0 0 0 
0.0724943 -0.132923 0.0962108 -0.15 0 0 0 
0.0781285 0.0471357 0.1 -0.147254 0 0 0 
0.0689778 0.218752 0.1 -0.136665 0 0 0 
0.0849247 -0.177091 0.1 -0.144087 0 0 0 
0.0695129 0.192099 0.0879035 -0.15 0 0 0 
0.0743323 -0.0210523 -0.0420981 -0.15 0 0 0 
0.0688284 0.109813 0.1 -0.0969636 0 0 0 
0.0704047 -0.193065 0.1 0.0274914 0 0 0 
0.0593142 -0.25 -0.0811683 -0.00659849 0 0 0 
0.0665904 0.195283 0.1 -0.00815425 0 0 0 
0.0673135 0.104925 0.1 -0.0122585 0 0 0 
0.0706905 -0.151036 0.00279454 -0.15 0 0 0 
0.089756 -0.249161 0.1 -0.136536 0 0 0 
0.0558238 -0.25 -0.0795657 0.12236 0 0 0 
0.068432 0.106448 0.1 0.0349596 0 0 0 
0.0603941 -0.0233651 0.1 0.117314 0 0 0 
0.0647441 0.234453 0.00368875 -0.15 0 0 0 
0.0721074 0.108394 0.1 0.0800353 0 0 0 
0.0702283 -0.153917 0.1 -0.0109966 0 0 0 
0.0702627 -0.243189 0.1 -0.017687 0 0 0 
0.0725981 0.0232725 0.00665445 -0.15 0 0 0 
0.0728612 -0.25 -0.0302758 0.0338548 0 0 0 
0.0664127 0.107886 0.1 0.12235 0 0 0 
0.0808965 0.0199246 0.1 -0.146324 0 0 0 
0.0672629 -0.109474 0.1 -0.13868 0 0 0 
0.0652437 -0.195971 -0.0422195 -0.15 0 0 0 
0.0703099 -0.25 0.00522128 -0.146639 0 0 0 
0.057869 -0.113496 -0.0797758 -0.15 0 0 0 
0.069903 0.15073 0.1 -0.0137026 0 0 0 
0.0768785 0.0162319 0.1 -0.0500389 0 0 0 
0.073233 -0.25 0.0109205 -0.0931607 0 0 0 
0.0666635 -0.11174 0.1 0.0375085 0 0 0 
0.0665451 0.191391 -0.0349828 -0.15 0 0 0 
0.0672395 -0.114685 0.1 0.0767049 0 0 0 
0.0653764 0.195407 0.00119159 -0.15 0 0 0 
0.076566 -0.0729938 0.1 -0.148062 0 0 0 
0.0684584 0.199579 0.1 0.0254203 0 0 0 
0.0609736 -0.229451 -0.0355045 -0.15 0 0 0 
0.0693973 0.25 0.00398586 -0.0510609 0 0 0 
0.071934 0.0680572 0.1 -0.0523305 0 0 0 
0.0758988 -0.0622186 0.1 -0.00748947 0 0 0 
0.0641656 0.25 0.0573355 0.071258 0 0 0 
0.0656082 -0.10527 0.0482276 -0.15 0 0 0 
0.0733888 -0.0125763 0.0462812 -0.15 0 0 0 
0.091184 0.25 0.0984027 -0.138821 0 0 0 
0.0701385 0.25 0.00281816 -0.0938349 0 0 0 
0.0704627 0.157117 -0.0376545 -0.15 0 0 0 
0.0832098 0.25 0.0975994 -0.0947226 0 0 0 
0.0693866 -0.0985964 0.1 -0.00655612 0 0 0 
0.0813193 -0.0150232 0.0948105 -0.15 0 0 0 
0.0773791 0.25 0.0935359 -0.0526612 0 0 0 
0.0711495 0.157305 0.0475473 -0.15 0 0 0 
0.0688846 -0.25 -0.0255429 0.0817825 0 0 0 
0.0607852 0.25 -0.0657729 0.0814529 0 0 0 
0.065118 -0.22039 -0.1 -0.0913208 0 0 0 
0.0631519 -0.171604 -0.1 0.130985 0 0 0 
0.0624374 0.213584 -0.1 0.0852128 0 0 0 
0.0680179 0.196801 -0.1 -0.00549674 0 0 0 
0.0655635 -0.0192108 -0.1 -0.0390307 0 0 0 
0.0610278 -0.25 0.0826749 0.12857 0 0 0 
0.0675027 0.0612286 -0.1 -0.0868939 0 0 0 
0.0675949 -0.0235471 -0.1 0.0419294 0 0 0 
0.0627452 -0.25 -0.0436593 0.129538 0 0 0 
0.0703596 -0.198748 -0.1 0.0431939 0 0 0 
0.0584619 -0.154608 -0.1 -0.129772 0 0 0 
0.0729185 -0.0603465 -0.1 -0.0899243 0 0 0 
0.0670359 -0.1465 -0.1 -0.00283999 0 0 0 
0.0715488 0.25 0.0437528 -0.0465524 0 0 0 
0.0753476 0.155231 -0.1 -0.0869279 0 0 0 
0.0597552 0.207492 -0.1 0.124565 0 0 0 
0.0652796 -0.0137367 -0.1 -0.130846 0 0 0 
0.074543 0.25 -0.095848 0.131963 0 0 0 
0.0716796 0.026634 -0.1 -0.00549592 0 0 0 
0.0732099 0.071409 -0.1 0.12502 0 0 0 
0.0675714 0.0528612 0.1 0.128917 0 0 0 
0.0724039 0.185681 0.1 -0.088858 0 0 0 
0.0701113 -0.25 0.0951733 -0.044921 0 0 0 
0.0731866 -0.0680602 0.1 0.0433623 0 0 0 
0.075657 0.0668933 0.1 -0.0865331 0 0 0 
0.0590912 -0.25 -0.0820578 0.0861095 0 0 0 
0.0615364 -0.074111 0.1 0.131729 0 0 0 
0.0696017 0.0620855 0.1 0.0824879 0 0 0 
0.0824793 -0.019891 0.1 -0.0487396 0 0 0 
0.0670759 -0.019334 0.1 0.0913979 0 0 0 
0.0645004 -0.106466 0.1 0.128328 0 0 0 
0.0721399 -0.145271 0.1 -0.0482087 0 0 0 
0.0671285 0.158403 0.1 -0.0914158 0 0 0 
0.0633031 -0.225631 0.1 0.0861291 0 0 0 
0.0622077 0.25 -0.0308953 0.127925 0 0 0 
0.0694024 -0.14683 0.1 0.0840664 0 0 0 
0.0748448 -0.015957 0.1 0.0418332 0 0 0 
0.0645131 0.25 -0.0823005 -0.0481905 0 0 0 
0.0660706 0.25 0.00867505 -0.133908 0 0 0 
0.0647911 -0.00643902 0.1 0.136208 0 0 0 
0.067873 -0.191799 0.1 0.130727 0 0 0 
0.0676456 0.0251347 0.1 0.0832055 0 0 0 
0.0625002 -0.0210273 -0.0611476 0.15 0 0 0 
0.0595179 -0.190686 0.0295383 0.15 0 0 0 
0.0654482 0.0587658 0.0800989 0.15 0 0 0 
0.0634219 -0.166716 0.0451344 0.15 0 0 0 
0.0765774 -0.25 0.0986258 -0.0774964 0 0 0 
0.0613428 0.228965 0.00207692 0.15 0 0 0 
0.0684166 0.0709062 0.0486174 0.15 0 0 0 
0.0599307 -0.19168 0.00450286 0.15 0 0 0 
0.0692262 0.25 0.0980881 0.012077 0 0 0 
0.0649469 -0.0280713 -0.1 -0.0943025 0 0 0 
0.0714095 0.194211 -0.1 0.0359714 0 0 0 
0.065053 -0.25 0.000845056 0.112078 0 0 0 
0.0886076 0.0645441 -0.1 0.0705642 0 0 0 
0.0661823 -0.0198305 -0.1 -0.00608817 0 0 0 
0.0625118 -0.152839 -0.0452998 -0.15 0 0 0 
0.0672708 0.105945 -0.1 -0.0109279 0 0 0 
0.0746383 -0.0730919 -0.00197216 -0.15 0 0 0 
0.0634057 -0.108373 -0.1 -0.139383 0 0 0 
0.0582794 0.140173 -0.1 0.119676 0 0 0 
0.0746153 -0.141281 -0.1 -0.0593399 0 0 0 
0.0671106 0.0274178 -0.1 -0.0922884 0 0 0 
0.0697526 0.25 -0.0426873 -0.0538882 0 0 0 
0.0671772 0.25 -0.0434235 -0.00596678 0 0 0 
0.0612349 0.221674 0.1 -0.00809756 0 0 0 
0.0678581 0.0654249 0.1 0.0355176 0 0 0 
0.0667029 0.1528 0.00147615 -0.15 0 0 0 
0.0739322 0.107705 0.00554153 -0.15 0 0 0 
0.0778712 0.153446 0.1 0.0795357 0 0 0 
0.0801775 0.0737976 0.1 -0.149955 0 0 0 
0.0708301 0.0264787 0.1 0.0337786 0 0 0 
0.0654831 0.11299 0.1 -0.0529665 0 0 0 
0.059322 -0.237915 -0.1 -0.00398681 0 0 0 
0.0657261 -0.193893 -0.1 -0.0885196 0 0 0 
0.0574241 -0.25 0.035285 0.131572 0 0 0 
0.0673367 0.211615 -0.1 -0.129717 0 0 0 
0.0633006 0.25 -0.0909709 0.0908667 0 0 0 
0.0617075 0.174108 0.1 0.137596 0 0 0 
0.0690956 -0.0690167 0.1 0.0858478 0 0 0 
0.0652793 0.25 0.0468004 0.0398871 0 0 0 
0.0593729 0.209794 0.1 0.130903 0 0 0 
0.0535135 -0.229166 0.0429419 0.15 0 0 0 
0.067408 -0.146826 -0.00274024 0.15 0 0 0 
0.0670373 0.0637168 -0.0434984 -0.15 0 0 0 
0.0708903 -0.1382 -0.1 0.0781283 0 0 0 
0.0702328 0.0735063 -0.1 -0.00627539 0 0 0 
0.0705672 0.25 -0.0474081 -0.139693 0 0 0 
0.0637487 0.25 0.0832209 0.123739 0 0 0 
0.0662542 -0.153998 0.1 0.0345301 0 0 0 
0.0710976 -0.18838 0.1 -0.0955225 0 0 0 
0.0664391 0.25 -0.0390488 0.0793164 0 0 0 
0.0688089 -0.187651 0.1 0.0727636 0 0 0 
0.063372 -0.194613 -0.1 -0.00333831 0 0 0 
0.0731895 -0.249498 -0.1 0.137429 0 0 0 
0.0574219 -0.199165 -0.1 0.125532 0 0 0 
0.0587752 -0.0972689 -0.1 0.132915 0 0 0 
0.0634838 0.113489 -0.1 0.128201 0 0 0 
0.0647328 0.148766 0.1 -0.0452901 0 0 0 
0.061672 0.237705 0.1 0.0420962 0 0 0 
0.0705422 0.25 0.0477867 -0.0867536 0 0 0 
0.0700221 0.0266667 -0.0434801 0.15 0 0 0 
0.0626805 -0.111673 -0.0482037 -0.15 0 0 0 
0.0671145 0.190583 -0.1 -0.0478672 0 0 0 
0.0649927 -0.185976 -0.1 0.0897098 0 0 0 
0.0713969 -0.153264 0.1 -0.0908394 0 0 0 
0.0681988 -0.222769 0.1 -0.0472159 0 0 0 
0.0583496 -0.234933 0.077499 0.15 0 0 0 
0.0690219 0.248425 -0.0423034 0.15 0 0 0 
0.0660311 -0.14438 0.0465345 -0.15 0 0 0 
0.0732521 0.0176032 -0.1 0.0396732 0 0 0 
0.0652537 -0.191452 -0.1 -0.0451975 0 0 0 
0.0616622 -0.229946 0.1 0.0402188 0 0 0 
0.0606961 0.155911 -0.1 0.0997968 0 0 0 
0.0674103 0.248071 0.1 0.0724687 0 0 0 
