66 0 0 1
0 1 0 0 0 0 0 0 0 1 0 0 0 
0.0665383 0.018229 -0.164925 0.0169855 0 0 0 
0.0729753 0.0182348 -0.24618 0.0169782 0 0 0 
0.0635259 0.0178038 -0.0717024 0.0175198 0 0 0 
0.0741426 0.0180706 -0.0382705 0.0171846 0 0 0 
0.111029 0.00928794 0.137375 0.01511 0 0 0 
0.0618635 0.0178498 -0.117552 0.0174621 0 0 0 
0.0865507 0.0181526 0.010893 0.0170816 0 0 0 
0.0795545 -0.0245346 -0.249741 0.00467736 0 0 0 
0.0648932 -0.0237195 -0.117731 0.00762817 0 0 0 
0.0712134 0.0202675 -0.201228 0.0144236 0 0 0 
0.088291 -0.0172179 0.0132645 0.0180441 0 0 0 
0.0743673 -0.022278 -0.205061 0.0110727 0 0 0 
0.068611 -0.0230515 -0.077196 0.00951195 0 0 0 
0.0811414 0.0246096 0.0500403 0.00437843 0 0 0 
0.0804291 -0.0212934 0.0553892 0.0130594 0 0 0 
0.0695709 -0.0180315 -0.166284 0.0172337 0 0 0 
0.0805142 -0.0242562 -0.0349268 0.00568533 0 0 0 
0.0798532 0.023356 0.103913 0.00889757 0 0 0 
0.0787783 -0.0207798 0.0984677 0.0137798 0 0 0 
0.0866486 0.0114382 -0.274835 0.016389 0 0 0 
0.0926881 -0.0130941 -0.27938 0.00855227 0 0 0 
0.0658484 -0.0183403 -0.141019 0.0168457 0 0 0 
0.0639687 0.0230165 -0.141 0.00958248 0 0 0 
0.105718 -0.0202036 0.132368 0.00785322 0 0 0 
0.0737412 0.0205563 0.07914 0.0140607 0 0 0 
0.0774733 0.0058609 -0.246761 -0.0242077 0 0 0 
0.0875368 0.00887058 0.00846294 -0.0233693 0 0 0 
0.0663934 0.00400577 -0.111907 -0.0246428 0 0 0 
0.0751988 0.00603247 -0.0394948 -0.0241603 0 0 0 
0.0836996 0.00900828 0.0529205 -0.0233011 0 0 0 
0.0649128 0.0141715 -0.0739926 -0.0204682 0 0 0 
0.0667273 0.0160457 -0.155137 -0.0189768 0 0 0 
0.0719141 0.0181196 -0.202094 -0.0171231 0 0 0 
0.0813405 0.0169855 0.0939031 -0.018229 0 0 0 
0.0843907 -0.0186984 0.104699 -0.0163956 0 0 0 
0.0702027 -0.0202081 -0.157943 -0.0144982 0 0 0 
0.0736344 -0.0188322 -0.198499 -0.0162274 0 0 0 
0.0855477 -0.0186419 0.0158131 -0.0164666 0 0 0 
0.114996 -0.00387895 0.141948 -0.0110213 0 0 0 
0.0750249 -0.00500106 -0.253248 0.0244452 0 0 0 
0.0896934 0.00977725 -0.272631 -0.0190748 0 0 0 
0.069791 -0.0114357 -0.0592628 0.0220981 0 0 0 
0.0801206 -0.0191514 0.0726492 -0.0158263 0 0 0 
0.0834417 -0.0149972 -0.0161292 -0.0198111 0 0 0 
0.072558 -0.0131888 -0.0583767 -0.0212293 0 0 0 
0.0788155 0.00237629 0.10612 0.0247881 0 0 0 
0.0708224 -0.00399226 -0.193037 0.024644 0 0 0 
0.0743236 -0.00211446 0.067725 0.0248115 0 0 0 
0.0834145 -0.00600181 -0.0186055 0.0241688 0 0 0 
0.0994164 0.00933823 0.122044 -0.022948 0 0 0 
0.0908611 -0.0144106 -0.270237 -0.0174393 0 0 0 
0.0677178 -0.012922 -0.0937615 -0.0213615 0 0 0 
0.0680281 -0.0182929 -0.129265 -0.0169052 0 0 0 
0.0753749 -0.00723237 -0.222554 -0.0238288 0 0 0 
0.0624655 -0.0020058 -0.0912275 0.0248212 0 0 0 
0.0693737 0.00137077 -0.183547 -0.0248778 0 0 0 
0.0634781 0.0236542 -0.119193 -0.00786444 0 0 0 
0.0849391 0.0247768 -0.0125682 -0.00250314 0 0 0 
0.0826038 0.0246876 -0.262674 -0.00083543 0 0 0 
0.0825582 -0.0132623 0.0416019 -0.0211916 0 0 0 
0.0712608 0.00140742 -0.224349 0.0248745 0 0 0 
0.0664335 0.0246196 -0.0581326 -0.00426655 0 0 0 
0.0616318 0.0248681 -0.0861591 -0.00147978 0 0 0 
0.0804465 0.00849473 0.0377571 0.0234801 0 0 0 
0.06248 -0.00623536 -0.116202 0.0241042 0 0 0 
0.0667142 0.023868 -0.175734 -0.00709072 0 0 0 
