28 0 0 1
1.8255e-19 -0.014 -0.04 0 0 0 -0.5 0.5 0.5 0.5 0 0 0 
0.00962783 0.0162161 0.006 -0.0806041 0 0 0 
0.00690182 0.00608979 0.006 -0.0287749 0 0 0 
0.00653504 0.00961974 0.006 0.00425704 0 0 0 
0.00797626 -0.0119238 0.006 -0.0707597 0 0 0 
0.0061983 -0.0242954 0.006 -0.0300575 0 0 0 
0.00573708 -0.0215775 0.006 0.0164591 0 0 0 
0.00969569 0.00808566 -0.034 -0.0804653 0 0 0 
0.00718694 0.0082893 -0.034 -0.036389 0 0 0 
0.0066336 0.0104221 -0.034 0.0071931 0 0 0 
0.00868933 -0.025 -0.0221212 -0.0746525 0 0 0 
0.00615107 -0.0234386 -0.034 -0.0292442 0 0 0 
0.00807099 0.025 -0.0130644 -0.0263463 0 0 0 
0.00609411 -0.025 -0.0155771 -0.0304911 0 0 0 
0.0102866 0.025 -0.0167125 -0.0835259 0 0 0 
0.0135622 0.00395851 0.006 -0.109996 0 0 0 
0.012817 -0.0245977 -0.000243403 -0.1125 0 0 0 
0.00848983 0.025 -0.00306423 0.0249767 0 0 0 
0.016379 0.0111994 -0.0311488 -0.1125 0 0 0 
0.011771 -0.025 -0.0254165 -0.101704 0 0 0 
0.00628893 -0.0113028 -0.034 0.0245419 0 0 0 
0.00851679 0.025 -0.0167829 -0.0551688 0 0 0 
0.00911914 0.021399 -0.0295849 0.0325 0 0 0 
0.00656911 -0.0247129 -0.0101018 0.0325 0 0 0 
0.0052699 -0.025 -0.0127557 -0.00142125 0 0 0 
0.0084533 0.018764 0.006 -0.0534292 0 0 0 
0.0175239 0.025 0.00178513 -0.111677 0 0 0 
0.00968122 -0.025 0.00563194 -0.0931093 0 0 0 
0.00547186 -0.015067 -0.034 -0.00496965 0 0 0 
