28 0 0 1
1.8255e-19 -0.014 -0.04 0 0 0 -0.5 0.5 0.5 0.5 0 0 0 
0.00930505 0.0112446 0.006 -0.0813678 0 0 0 
0.00662716 0.0109842 0.006 0.00311474 0 0 0 
0.00781422 0.0159847 0.006 -0.0358117 0 0 0 
0.00567963 -0.0243409 0.006 0.0150423 0 0 0 
0.0080458 -0.025 -0.00395757 -0.0692636 0 0 0 
0.00608164 -0.0204742 0.006 -0.0272674 0 0 0 
0.00990946 0.0126236 -0.034 -0.0807469 0 0 0 
0.00718245 0.017238 -0.034 0.00512295 0 0 0 
0.00717413 0.00475181 -0.034 -0.0395775 0 0 0 
0.00960961 -0.025 -0.0322814 -0.0792872 0 0 0 
0.0057672 -0.012562 -0.034 0.0144137 0 0 0 
0.0065535 -0.0205148 -0.034 -0.0362905 0 0 0 
0.00825401 0.025 -0.030104 -0.0362604 0 0 0 
0.00772609 0.025 -0.0147484 0.00485584 0 0 0 
0.00541008 -0.025 -0.0119288 0.0118378 0 0 0 
0.013779 0.0066751 0.006 -0.109695 0 0 0 
0.0128368 -0.023447 0.00270542 -0.1125 0 0 0 
0.00902855 0.0247786 0.006 0.0298279 0 0 0 
0.0138287 -0.0213531 -0.034 -0.107257 0 0 0 
0.00582951 -0.00456557 -0.034 -0.0124107 0 0 0 
0.0160123 0.017507 -0.017893 -0.1125 0 0 0 
0.00883754 0.025 -0.0110964 -0.0642973 0 0 0 
0.00945708 -0.0132057 0.006 -0.0916543 0 0 0 
0.00769397 0.00811654 -0.0264883 0.0325 0 0 0 
0.00665749 -0.0130552 -0.00663411 0.0325 0 0 0 
0.00677598 -0.025 -0.0131635 -0.043192 0 0 0 
0.014399 0.025 0.00542473 -0.10154 0 0 0 
0.00541967 -0.025 -0.0237757 -0.0124076 0 0 0 
