82 0 0 1
3.91955e-18 -1.36234e-19 2.89944e-09 0 0 0 -1.85392e-07 0.707107 0.707107 -1.85392e-07 0 0 0 
0.0154647 -0.184356 0.00599123 0.00124564 0 0 0 
0.0166333 0.18445 -0.00535852 -0.000823885 0 0 0 
0.0119714 -0.153351 -0.0346416 -0.000676328 0 0 0 
0.00719238 -0.0585043 -0.034033 0.00769225 0 0 0 
0.00572658 -0.023069 -0.0348372 -0.00182806 0 0 0 
0.0162731 0.158203 -0.0337815 -0.00124159 0 0 0 
0.00660922 0.0253314 -0.0346085 0.00439569 0 0 0 
0.010595 0.104931 -0.0348881 0.00125602 0 0 0 
0.00840613 0.0727486 -0.0347428 0.00288845 0 0 0 
0.00889542 -0.106979 -0.0348913 -0.00122057 0 0 0 
0.0147358 -0.176954 -0.0216645 0.00270358 0 0 0 
0.0153832 0.177044 0.0217182 -0.00127627 0 0 0 
0.0127987 -0.147189 0.0346661 -0.00374956 0 0 0 
0.00858643 0.0312142 0.0345847 0.00466351 0 0 0 
0.00845252 -0.0609949 0.034886 0.00127963 0 0 0 
0.00983154 0.115104 0.034159 0.00723643 0 0 0 
0.01257 0.149725 0.0345027 0.00558416 0 0 0 
0.00987223 -0.102265 0.0343349 0.00659989 0 0 0 
0.00831654 -0.0155192 0.0341765 0.00717311 0 0 0 
0.00879781 0.0663199 0.0347145 0.00320572 0 0 0 
0.0149927 -0.171128 0.0271981 -0.0044932 0 0 0 
0.00851513 0.0924699 0.0344812 -0.00582598 0 0 0 
0.0115766 -0.153186 0.00286113 -0.0344626 0 0 0 
0.00690143 0.0722275 0.00392729 -0.0346502 0 0 0 
0.0122806 0.150289 0.00721928 -0.0341382 0 0 0 
0.00598967 -0.0138543 0.00478091 -0.0345742 0 0 0 
0.00948393 0.113758 -0.00111076 -0.0349011 0 0 0 
0.00649023 -0.0553835 0.000658688 -0.0349413 0 0 0 
0.00609592 0.0297983 0.00257407 -0.0347708 0 0 0 
0.00890143 -0.109134 -0.00122128 -0.0348912 0 0 0 
0.0112201 -0.155992 -0.0217353 -0.0264393 0 0 0 
0.00597886 0.0314786 -0.0255884 -0.0236943 0 0 0 
0.0113935 0.117675 -0.0257152 -0.0235349 0 0 0 
0.00665298 0.0609048 -0.0208689 -0.0278371 0 0 0 
0.00655921 -0.0633112 -0.0240985 -0.0252667 0 0 0 
0.00655516 0.0454641 0.0206877 -0.0279813 0 0 0 
0.00932901 -0.13045 -0.0236879 -0.0255934 0 0 0 
0.0114975 -0.137465 -0.0285085 0.0200252 0 0 0 
0.0117831 0.121619 -0.0282678 0.0203277 0 0 0 
0.00546855 -0.0102728 -0.0217968 -0.0270986 0 0 0 
0.00826952 0.0844842 -0.0270271 -0.0218866 0 0 0 
0.0160231 0.162812 -0.021173 -0.0244055 0 0 0 
0.016577 0.175626 0.00918906 0.0215911 0 0 0 
0.00880828 -0.0945201 0.0222572 -0.0267321 0 0 0 
0.0109726 -0.13655 0.0212259 -0.0275529 0 0 0 
0.00922573 -0.0951377 -0.0277329 0.0209997 0 0 0 
0.00660387 -0.0401274 0.0226457 -0.0264229 0 0 0 
0.00686954 0.00389467 -0.0297575 0.0183916 0 0 0 
0.0152141 -0.168179 0.0209784 0.0211106 0 0 0 
0.0116235 0.151261 0.027899 -0.0206451 0 0 0 
0.00886573 0.115138 0.0268491 -0.0221102 0 0 0 
0.00668976 -0.0105591 0.0262241 -0.0228955 0 0 0 
0.011716 -0.133357 0.0301199 0.0176602 0 0 0 
0.0168263 0.172344 -0.0187855 0.0189589 0 0 0 
0.0101532 -0.105294 -0.00223753 0.0348007 0 0 0 
0.0109375 0.108279 -0.0039511 0.0346481 0 0 0 
0.0136532 -0.148739 0.00209509 0.0348134 0 0 0 
0.0109421 0.0661357 -0.00124283 0.0348893 0 0 0 
0.0106738 0.027072 0.00421936 0.0346242 0 0 0 
0.00953177 -0.0247446 0.0054735 0.0345125 0 0 0 
0.0146221 0.153452 0.0068836 0.0339449 0 0 0 
0.00952688 -0.0634282 0.00420738 0.0346253 0 0 0 
0.00952248 0.0675103 -0.0243551 0.0250625 0 0 0 
0.00759946 -0.0224161 -0.0213844 0.0274268 0 0 0 
0.00869147 0.0320979 -0.0225477 0.0265009 0 0 0 
0.0101062 0.00511024 0.0174166 0.0302407 0 0 0 
0.00565319 -0.0390895 -0.0286665 -0.0198266 0 0 0 
0.0104884 0.0860597 0.0254224 0.0239029 0 0 0 
0.00945535 -0.0443021 0.0244924 0.0249532 0 0 0 
0.0108664 0.0503624 0.0235586 0.0256964 0 0 0 
0.00820611 -0.0968234 -0.0225203 -0.0265227 0 0 0 
0.00727355 0.0707418 0.0271262 -0.021762 0 0 0 
0.014265 0.147045 -0.022094 0.026862 0 0 0 
0.0113806 0.122642 0.0172306 0.0303329 0 0 0 
0.0154213 -0.168411 -0.0109732 0.0275685 0 0 0 
0.0104184 -0.118973 0.0323431 -0.0131731 0 0 0 
0.00701862 0.0155175 0.0301054 -0.0176892 0 0 0 
0.00997405 0.092459 -0.0271005 0.0217944 0 0 0 
0.00961172 -0.0856352 0.0206369 0.0280217 0 0 0 
0.00777187 -0.0830008 -0.0336886 -0.00893993 0 0 0 
0.014954 0.174147 0.0061186 -0.024463 0 0 0 
0.0103581 -0.111151 0.0208854 0.0278239 0 0 0 
