149 0 0 1
1.44007e-10 -0.07 -8.25014e-11 0 0 0 0.683384 0.683384 -0.18162 -0.18162 0 0 0 
0.023236 -0.00895266 0.16486 -0.0196187 0 0 0 
0.0089007 0.0357227 -0.103085 0.034893 0 0 0 
0.0272218 -0.0192109 0.15202 0.0329492 0 0 0 
0.0194223 0.0230373 0.159216 -0.0199702 0 0 0 
0.00685544 0.0354032 -0.0620571 0.0352944 0 0 0 
0.00621178 0.0362427 0.0225381 0.0342396 0 0 0 
0.0180985 0.036002 0.116953 0.0345422 0 0 0 
0.0264276 0.0365228 -0.190439 0.0338877 0 0 0 
0.0379806 0.0347719 -0.272035 0.0335396 0 0 0 
0.0331633 0.0366017 -0.234072 0.0337887 0 0 0 
0.00830163 0.0353479 0.068547 0.0353607 0 0 0 
0.0135134 0.0357712 -0.143828 0.0348321 0 0 0 
0.0378479 -0.0456694 -0.270631 -0.0167846 0 0 0 
0.0350939 -0.0367064 -0.273873 0.0304065 0 0 0 
0.0326882 -0.048815 -0.23486 -0.0102796 0 0 0 
0.0320094 -0.035742 -0.224736 0.0348687 0 0 0 
0.0329103 -0.049217 -0.190839 -0.00879404 0 0 0 
0.0341891 -0.0359284 -0.181024 0.0346346 0 0 0 
0.00707844 0.0464631 0.0766239 -0.0182991 0 0 0 
0.0182803 0.0454766 -0.137398 -0.0202886 0 0 0 
0.0102099 0.0474737 0.114587 -0.0151344 0 0 0 
0.0108971 0.0492717 -0.106334 -0.00817853 0 0 0 
0.0220549 -0.0472453 0.0787463 -0.0159613 0 0 0 
0.0140427 -0.0407009 0.0657959 0.0286388 0 0 0 
0.0175577 -0.0385069 -0.0589316 0.0313948 0 0 0 
0.00775218 0.0473958 -0.0545718 -0.0154161 0 0 0 
0.0265605 -0.0473601 0.110195 -0.0155456 0 0 0 
0.0122781 -0.0493633 -0.0121704 -0.00714874 0 0 0 
0.0110889 -0.0422858 -0.00980263 0.0266478 0 0 0 
0.0278114 -0.0430348 0.118577 0.0252161 0 0 0 
0.0136521 -0.0478485 0.0314394 -0.0137776 0 0 0 
0.0102203 -0.0424462 0.0239383 0.0264037 0 0 0 
0.00636488 0.0487227 -0.0212983 -0.0106136 0 0 0 
0.0359629 -0.0478241 -0.148422 -0.0138659 0 0 0 
0.0350183 -0.0420645 -0.1407 0.0269258 0 0 0 
0.033356 0.0423452 -0.275715 -0.0207838 0 0 0 
0.0276996 -0.0482795 -0.0975204 -0.0122174 0 0 0 
0.0336521 0.0472228 -0.225099 -0.0160425 0 0 0 
0.0296011 -0.0415992 -0.0978064 0.0275103 0 0 0 
0.0336742 0.0469644 -0.192926 -0.0169778 0 0 0 
0.00582765 0.0425932 -0.0203965 0.0261069 0 0 0 
0.0174795 -0.0474059 -0.0626256 -0.0153798 0 0 0 
0.00550453 0.0483608 0.0231677 -0.0119232 0 0 0 
0.0237622 -0.0329684 0.156513 -0.00754198 0 0 0 
0.0271828 0.0138593 0.152395 0.0351563 0 0 0 
0.0358243 0.0315469 -0.297042 -0.00960916 0 0 0 
0.0379359 -0.0180517 -0.304152 -0.0141157 0 0 0 
0.0382398 -0.013112 -0.300824 0.0253476 0 0 0 
0.0395143 0.012019 -0.298586 0.0287127 0 0 0 
0.033151 0.049284 -0.251876 -0.00804109 0 0 0 
0.0128481 -0.0355455 -0.033782 0.0351157 0 0 0 
0.0221613 -0.0176615 0.120176 -0.0467599 0 0 0 
0.0342181 -0.00913974 -0.26779 -0.0484241 0 0 0 
0.00962838 -0.00736893 -0.0155959 -0.0493437 0 0 0 
0.0345861 0.0273054 -0.224185 -0.0417623 0 0 0 
0.0247287 -0.016574 0.12101 0.0469852 0 0 0 
0.00946926 -0.0155744 -0.0108716 0.0473521 0 0 0 
0.036411 0.0273152 -0.191359 -0.0417546 0 0 0 
0.0341688 -0.0144631 -0.226934 -0.0476592 0 0 0 
0.0112885 -0.017318 0.0240782 -0.0468705 0 0 0 
0.0330599 -0.0110586 -0.233785 0.0485997 0 0 0 
0.0260821 0.0231997 -0.148152 -0.0440338 0 0 0 
0.00838036 -0.00757371 0.0276769 0.0493255 0 0 0 
0.00838408 0.0275721 0.0721725 -0.0415501 0 0 0 
0.0354954 -0.00782254 -0.192688 -0.0493034 0 0 0 
0.0117255 0.0331795 -0.0959001 -0.0370864 0 0 0 
0.0153766 -0.00998535 0.0738186 -0.0488963 0 0 0 
0.0108135 0.0233441 0.110229 -0.0439626 0 0 0 
0.00960006 0.0341119 -0.0605364 -0.0363444 0 0 0 
0.034041 -0.0136192 -0.185859 0.0478923 0 0 0 
0.0106834 -0.0143238 0.0655144 0.0476977 0 0 0 
0.0230011 0.0337415 0.156134 0.00543193 0 0 0 
0.00834285 0.0320707 -0.0194465 -0.037969 0 0 0 
0.0268234 -0.00717608 -0.139561 -0.0493609 0 0 0 
0.00691616 0.0221741 -0.0153495 0.044542 0 0 0 
0.0276954 -0.0132315 -0.137733 0.0479994 0 0 0 
0.00708995 0.0290786 0.0337901 -0.0403507 0 0 0 
0.0156283 -0.00910533 -0.101047 -0.0491394 0 0 0 
0.018288 -0.00832077 -0.0936524 0.0492591 0 0 0 
0.0107122 -0.00700025 -0.061549 -0.0493765 0 0 0 
0.014094 -0.0156937 -0.0601552 0.0473191 0 0 0 
0.0363506 -0.000659657 -0.268418 0.049192 0 0 0 
0.0100778 0.0101125 0.0702789 0.0488611 0 0 0 
0.0322545 0.0158353 -0.270372 -0.0460046 0 0 0 
0.0342167 -0.0327067 -0.185697 -0.0374628 0 0 0 
0.0112448 -0.0337982 -0.0100428 -0.0365941 0 0 0 
0.034674 -0.0494158 -0.169896 0.00655857 0 0 0 
0.00551333 0.0496565 0.000344163 0.003854 0 0 0 
0.00848232 0.0493553 0.0866006 0.00724002 0 0 0 
0.0337367 -0.000966711 -0.166836 -0.0499138 0 0 0 
0.0143574 -0.0499349 -0.0391661 0.000730568 0 0 0 
0.00918701 0.00405308 -0.0438672 0.0496387 0 0 0 
0.0108568 -0.00177403 0.0438505 -0.0498418 0 0 0 
0.0146524 -0.0301564 0.0458245 -0.0394928 0 0 0 
0.014897 0.0153258 -0.128787 0.0474208 0 0 0 
0.0237335 0.0145615 0.130058 0.0464486 0 0 0 
0.0177935 -0.0237562 0.0938907 0.0437583 0 0 0 
0.0323428 0.018023 -0.211735 0.0466 0 0 0 
0.0276527 -0.0288129 -0.12537 -0.0405622 0 0 0 
0.0238441 0.0148148 -0.169829 0.047562 0 0 0 
0.0123788 -0.0338858 -0.0474996 -0.0365243 0 0 0 
0.035394 -0.00710832 -0.291503 -0.0377414 0 0 0 
0.0383322 -0.0368896 -0.293345 0.000676217 0 0 0 
0.0204621 0.0498068 -0.158329 0.00216685 0 0 0 
0.0151223 -0.0495243 0.0548956 0.00534011 0 0 0 
0.00607328 0.0494487 0.0580128 0.00618946 0 0 0 
0.0233406 -0.0220557 0.146343 -0.0359159 0 0 0 
0.0342087 -0.0333982 -0.240538 -0.0369125 0 0 0 
0.0158475 0.0171478 -0.116317 -0.0469175 0 0 0 
0.0144516 0.0113024 0.096901 0.0485324 0 0 0 
0.0140888 0.0176134 0.138327 -0.0428232 0 0 0 
0.0160862 -0.0345291 -0.0746581 -0.0360123 0 0 0 
0.0344743 0.0196121 -0.247955 0.0458123 0 0 0 
0.0297509 0.0492666 -0.190982 0.00823635 0 0 0 
0.0066418 0.047927 -0.060436 0.0134932 0 0 0 
0.0069707 0.0358724 0.00534257 -0.0347049 0 0 0 
0.02504 -0.0126088 0.167332 0.00885117 0 0 0 
0.0110717 0.0466572 -0.126439 0.0179075 0 0 0 
0.0335422 -0.0489604 -0.253138 0.00975336 0 0 0 
0.0328439 -0.0424272 -0.213276 -0.0264419 0 0 0 
0.00622865 0.0426197 0.0502228 -0.0260534 0 0 0 
0.0319628 0.0371102 -0.254681 -0.03315 0 0 0 
0.0320198 0.0461631 -0.215283 0.0189041 0 0 0 
0.0318893 -0.0483605 -0.205042 0.0119244 0 0 0 
0.0335701 0.020813 -0.291659 -0.0324473 0 0 0 
0.00890602 0.048498 -0.0811687 -0.0114266 0 0 0 
0.0207797 -0.0325391 0.0789664 -0.0375963 0 0 0 
0.0381172 0.00291117 -0.309614 -0.00142276 0 0 0 
0.00793571 0.0184507 0.0438643 0.0463879 0 0 0 
0.00969142 -0.0286385 0.0440678 0.0407011 0 0 0 
0.00983818 0.017155 -0.0434225 -0.0469155 0 0 0 
0.0245489 -0.0493835 0.0943854 0.00692322 0 0 0 
0.00894937 0.00720636 0.0173308 -0.0493582 0 0 0 
0.0333801 -0.0265706 -0.154151 -0.0423473 0 0 0 
0.0150069 0.0483181 0.120221 0.0120065 0 0 0 
0.035284 -0.0492223 -0.124884 0.00873402 0 0 0 
0.0273614 0.0431271 -0.162174 -0.0250292 0 0 0 
0.0250474 -0.0422145 0.13602 -0.0208741 0 0 0 
0.0263505 -0.0471919 0.134606 0.0047758 0 0 0 
0.00973006 0.0182875 -0.0824384 0.0464688 0 0 0 
0.0222964 -0.0493573 -0.0740531 0.00721655 0 0 0 
0.030599 -0.028642 -0.118978 0.0406983 0 0 0 
0.00759316 0.0127983 0.00798113 0.0481191 0 0 0 
0.0371712 0.042971 -0.282581 0.0103538 0 0 0 
0.0329927 -0.0251219 -0.255226 0.0430815 0 0 0 
0.0329092 0.00644532 -0.241325 -0.0494261 0 0 0 
0.0079875 0.0473511 -0.0910759 0.015578 0 0 0 
0.0115142 0.0118805 -0.0869795 -0.0483726 0 0 0 
0.0238146 -0.0366296 -0.102559 -0.0337535 0 0 0 
