145 0 0 1
1.36848e-08 0.04 1.93916e-08 0 0 0 0.307672 0.30767 0.636661 0.636663 0 0 0 
0.00678722 -0.0676921 -0.0393459 -0.0335421 0 0 0 
0.0226476 -0.0242777 0.0526526 0.105735 0 0 0 
0.02599 0.0145339 -0.0367339 -0.0772102 0 0 0 
0.0529654 0.102772 0.00488503 0.00986581 0 0 0 
0.0058985 -0.0780481 -0.0357135 0.0145289 0 0 0 
0.0468756 0.092305 0.00880721 0.0488396 0 0 0 
0.019355 -0.0277486 0.0892018 0.0933206 0 0 0 
0.0299085 0.0150223 0.0100548 0.103833 0 0 0 
0.00775893 -0.0767135 0.00448117 -0.0690773 0 0 0 
0.0678432 0.102664 0.052379 -0.0344955 0 0 0 
0.037116 0.0188671 0.0958203 0.0923354 0 0 0 
0.0083218 -0.0734005 0.0545296 -0.0795349 0 0 0 
0.0293024 -0.0253975 0.142469 -0.0297755 0 0 0 
0.0512206 0.0937003 0.0569444 0.0534007 0 0 0 
0.0346895 -0.0270609 0.145612 0.0100596 0 0 0 
0.050479 0.0113666 0.143182 -0.0349988 0 0 0 
0.0576172 0.0542444 0.103126 -0.0711047 0 0 0 
0.0662001 0.0921613 0.0936422 -0.0234326 0 0 0 
0.0632928 0.0492905 0.133773 -0.027675 0 0 0 
0.060206 0.0940342 0.09384 0.0133494 0 0 0 
0.0451262 0.017694 0.135559 0.0502172 0 0 0 
0.0596449 0.0583654 0.132469 0.00876792 0 0 0 
0.00916914 -0.0683604 0.0925053 -0.0673975 0 0 0 
0.0420624 0.0496429 -0.029319 -0.068338 0 0 0 
0.015908 -0.0755032 0.0913917 0.0596281 0 0 0 
0.0324648 0.0504839 -0.0363916 0.0601752 0 0 0 
0.0119447 -0.0298566 -0.0273187 -0.0807632 0 0 0 
0.0189981 -0.024112 0.011189 0.102565 0 0 0 
0.0603257 0.101498 0.0116531 -0.0281112 0 0 0 
0.0430244 0.054567 0.0523519 0.0935877 0 0 0 
0.00722772 -0.10103 0.0110972 -0.029076 0 0 0 
0.0551362 0.033589 0.142656 0.0188633 0 0 0 
0.0404196 0.0716885 -0.0404933 0.0190081 0 0 0 
0.0369869 0.0233234 0.0545859 0.105827 0 0 0 
0.00775728 -0.10383 0.00755824 0.00735686 0 0 0 
0.0416988 0.0688061 -0.0369916 -0.0368504 0 0 0 
0.0562537 0.0673096 0.00362836 -0.0778315 0 0 0 
0.00867341 -0.105048 0.0483664 -0.0279901 0 0 0 
0.0616942 0.0733138 0.0517505 -0.0799585 0 0 0 
0.0543407 0.0770682 0.0895356 0.0592775 0 0 0 
0.00906977 -0.107849 0.0542209 0.00761914 0 0 0 
0.0562409 0.108461 0.0458258 0.00979898 0 0 0 
0.0114383 -0.0958353 0.0568579 0.0494248 0 0 0 
0.0306121 -0.00952199 0.135988 0.0517077 0 0 0 
0.00656896 -0.0652109 -0.0296351 0.0530461 0 0 0 
0.0206017 -0.0541698 0.1348 0.00709184 0 0 0 
0.00843649 -0.0833353 0.00290743 0.0602602 0 0 0 
0.0116476 -0.0914236 0.0917998 -0.02924 0 0 0 
0.0386359 0.0409168 0.0137867 0.0982443 0 0 0 
0.0109958 -0.0946061 0.0919015 0.0180618 0 0 0 
0.0178692 -0.0491707 0.132139 -0.0339677 0 0 0 
0.052628 0.0512111 0.113566 0.0625638 0 0 0 
0.0124923 -0.0311798 0.11608 -0.0726812 0 0 0 
0.0080427 -0.0361205 -0.0588666 -0.0301241 0 0 0 
0.0196237 0.0159998 -0.0621833 -0.0368796 0 0 0 
0.0080359 -0.0259442 -0.0662188 0.00688791 0 0 0 
0.0171113 0.0174803 -0.0667445 0.0181272 0 0 0 
0.0133811 -0.0786889 0.114452 0.0166258 0 0 0 
0.0181361 0.00993048 -0.0171249 0.0926153 0 0 0 
0.00927617 -0.0962691 0.0247666 0.0489511 0 0 0 
0.0170942 -0.0545864 0.11088 0.0626316 0 0 0 
0.0431937 0.0756991 -0.0127689 0.0582345 0 0 0 
0.045636 0.0337299 0.117428 -0.0700702 0 0 0 
0.0610543 0.0770236 0.115948 0.0179079 0 0 0 
0.00843443 -0.0608355 -0.017214 -0.0705056 0 0 0 
0.0167969 -0.0536003 0.0608413 0.0931604 0 0 0 
0.00945525 -0.00634432 -0.0573673 0.0494398 0 0 0 
0.0546869 0.0898426 -0.0126954 -0.0328125 0 0 0 
0.0622648 0.0812569 0.023639 -0.0710191 0 0 0 
0.0264351 -0.00671258 0.072919 0.103749 0 0 0 
0.0486387 0.0036584 0.148547 0.0142308 0 0 0 
0.0182983 -0.000816533 0.114047 -0.0807672 0 0 0 
0.0281355 0.0430186 -0.0598296 0.0140298 0 0 0 
0.0144021 -0.0700975 0.119238 -0.0293203 0 0 0 
0.00760544 -0.0261367 -0.0456241 0.0630182 0 0 0 
0.0634071 0.0681489 0.0822999 -0.0747665 0 0 0 
0.0166924 0.0224896 -0.0513119 0.0569234 0 0 0 
0.0319219 0.046961 -0.0525582 -0.0354288 0 0 0 
0.0175521 -0.0474608 0.0370772 0.0984341 0 0 0 
0.0282661 0.0164729 0.00552707 -0.102316 0 0 0 
0.0200012 0.0161258 0.0537362 -0.107059 0 0 0 
0.0140082 -0.0784372 0.0519772 0.0751325 0 0 0 
0.0131045 -0.0281711 0.0137251 -0.102133 0 0 0 
0.0104256 -0.0293848 0.0461579 -0.104852 0 0 0 
0.0451736 0.049638 0.0507057 -0.096405 0 0 0 
0.0224308 -0.0207603 0.133641 -0.0530189 0 0 0 
0.043915 0.0707069 0.00804342 0.0767673 0 0 0 
0.00620335 -0.0850388 -0.027474 -0.0122087 0 0 0 
0.0429312 0.0785953 -0.0354886 -0.0108487 0 0 0 
0.0103835 -0.00328373 -0.0398665 0.0749186 0 0 0 
0.0689022 0.0808245 0.0917511 -0.0524413 0 0 0 
0.0468364 0.0494562 0.0251411 -0.0960406 0 0 0 
0.0389819 0.0176829 0.117511 0.075757 0 0 0 
0.0230855 -0.0148071 0.117621 0.0764549 0 0 0 
0.00997648 -0.103625 0.0714792 -0.0124082 0 0 0 
0.0110426 -0.0125518 0.0661737 -0.10522 0 0 0 
0.0267115 0.0294725 0.0735405 -0.0994465 0 0 0 
0.0478688 0.0749127 0.0603268 0.0775586 0 0 0 
0.0086151 -0.0423924 0.071424 -0.095672 0 0 0 
0.00766877 -0.089829 0.0295697 -0.0614907 0 0 0 
0.0471368 -0.00340709 0.148802 -0.0116096 0 0 0 
0.0282549 -0.00518487 0.0273721 0.108245 0 0 0 
0.0117079 -0.00756334 -0.0678551 -0.020129 0 0 0 
0.00867944 -0.0895011 0.0611667 -0.0602306 0 0 0 
0.00662155 -0.038583 -0.056936 0.0327894 0 0 0 
0.0466612 0.0881742 -0.0192609 0.0262814 0 0 0 
0.046601 0.0851567 0.0294273 0.067162 0 0 0 
0.033244 0.0562525 -0.0533084 -0.0122294 0 0 0 
0.00989347 -0.0299613 -0.0491249 -0.0561599 0 0 0 
0.0392617 0.0120156 0.132056 -0.0587539 0 0 0 
0.0663375 0.0949372 0.0359826 -0.0537757 0 0 0 
0.0124283 -0.0527751 0.118419 -0.0558273 0 0 0 
0.0294665 0.0310141 -0.0482339 -0.0568224 0 0 0 
0.0164007 -0.016561 -0.00994503 -0.0957997 0 0 0 
0.00743345 -0.0939867 -0.00458574 0.0340112 0 0 0 
0.0111718 -0.0669531 0.0128284 0.0817168 0 0 0 
0.0234485 -0.0348553 0.135738 0.0397726 0 0 0 
0.00839674 -0.034742 -0.0274976 0.0787257 0 0 0 
0.0482974 0.0564129 0.092015 0.077713 0 0 0 
0.0561868 0.0265452 0.145916 -0.00833146 0 0 0 
0.00962551 -0.0575373 0.0112883 -0.0885052 0 0 0 
0.0100007 -0.0226372 0.0919207 -0.0933594 0 0 0 
0.00884559 -0.0465449 0.0942998 -0.0824387 0 0 0 
0.00714277 -0.0782964 -0.0180232 -0.0500931 0 0 0 
0.0609248 0.104826 0.0712635 0.00087388 0 0 0 
0.00621757 -0.052494 -0.0558228 -0.00466945 0 0 0 
0.0318881 0.0405698 -0.0135722 0.0860716 0 0 0 
0.0168854 -0.0623714 0.0812297 0.0799872 0 0 0 
0.0661738 0.0637071 0.118691 -0.042652 0 0 0 
0.0561384 0.0478155 0.130484 0.0394732 0 0 0 
0.0422147 0.0409365 0.0740221 0.095561 0 0 0 
0.0561004 0.0990692 0.0727979 0.0314886 0 0 0 
0.00816405 -0.107963 0.0287404 -0.00941916 0 0 0 
0.00858924 -0.10542 0.0254677 0.0246823 0 0 0 
0.0174958 -0.00100501 0.0270648 -0.108627 0 0 0 
0.0155998 -0.0667288 0.117404 0.0400222 0 0 0 
0.0372528 0.0312697 -0.0144075 -0.089359 0 0 0 
0.0623176 0.0807729 0.113224 -0.00760783 0 0 0 
0.0507171 0.10244 0.0331425 0.0370974 0 0 0 
0.0113351 -0.0440876 -0.00378809 0.0900923 0 0 0 
0.0186705 0.0236782 -0.0336485 0.0772353 0 0 0 
0.0234289 0.0305808 -0.0641307 -0.0142296 0 0 0 
0.0218615 0.0176297 0.0979454 -0.0914181 0 0 0 
0.0574707 0.108111 0.0251716 -0.00434495 0 0 0 
0.00811402 -0.0628892 -0.0130871 0.07166 0 0 0 
