360 0 0 1
-5.76392e-19 -0.04 -3.83328e-18 0 0 0 0.5 0.5 -0.5 -0.5 0 0 0 
0.00803658 -0.0296119 -0.229456 -0.0272437 0 0 0 
0.0031048 -0.00175433 0.0553152 0.0498436 0 0 0 
0.00482271 0.0203406 0.10616 0.0454512 0 0 0 
0.00491381 0.0498624 -0.146162 -0.00154302 0 0 0 
0.00520641 -0.00138888 -0.122815 0.0498762 0 0 0 
0.00782958 0.0204241 -0.178618 0.0454098 0 0 0 
0.00427668 -0.00479054 0.0831728 0.0495733 0 0 0 
0.00783554 -0.0306674 -0.229698 0.025565 0 0 0 
0.00479993 -0.00595006 0.106438 0.0494702 0 0 0 
0.00554829 0.0458614 -0.15053 0.0195128 0 0 0 
0.0069965 0.019623 -0.150447 0.0458067 0 0 0 
0.00313697 -0.00250761 -0.0973331 0.0497764 0 0 0 
0.00549462 0.0201135 0.157633 -0.0255044 0 0 0 
0.00583689 -0.0024198 0.137701 0.046533 0 0 0 
0.0044023 0.0202025 -0.123858 0.0455194 0 0 0 
0.00412781 0.0495677 -0.121702 -0.004852 0 0 0 
0.00283333 -0.00169734 -0.0698652 0.0498487 0 0 0 
0.00521036 -0.0268782 0.16195 -0.00153323 0 0 0 
0.00673574 0.0263694 0.157156 0.019714 0 0 0 
0.0055052 -0.00343872 0.163096 -0.0244597 0 0 0 
0.00409756 0.0453859 -0.123581 0.0204718 0 0 0 
0.00408898 0.020158 -0.0946065 0.0455414 0 0 0 
0.00287086 -0.00497363 -0.0429788 0.0495567 0 0 0 
0.00509352 -0.0258831 0.157139 0.0204595 0 0 0 
0.00858664 0.0498219 -0.201993 6.31159e-06 0 0 0 
0.00579353 -0.00613781 0.165243 0.0196058 0 0 0 
0.00645459 0.0498584 -0.0968021 -0.00158866 0 0 0 
0.00238792 0.0201587 -0.0452953 0.045541 0 0 0 
0.00214353 -0.00629987 -0.0164692 0.0494388 0 0 0 
0.00762988 -0.0065653 -0.206449 0.0488433 0 0 0 
0.0071022 0.0499772 -0.174123 -0.000255542 0 0 0 
0.00735355 0.0498487 -0.0728376 0.00169706 0 0 0 
0.00545005 0.0459273 -0.101945 0.0193796 0 0 0 
0.00351684 0.0196438 0.0807661 0.0457965 0 0 0 
0.00180737 -0.00610804 0.008173 0.0494558 0 0 0 
0.00794949 -0.00513227 -0.176477 0.049543 0 0 0 
0.00347546 0.0499525 -0.0493973 0.000532996 0 0 0 
0.00738153 0.0453958 -0.176601 0.0204523 0 0 0 
0.0030475 0.0458069 -0.0464664 0.0196225 0 0 0 
0.00205799 0.000600429 0.03373 0.0499465 0 0 0 
0.00822357 -0.00662007 -0.14985 0.0494104 0 0 0 
0.00208557 0.0498953 -0.0236893 -0.00117438 0 0 0 
0.00177582 0.0456555 0.0315573 0.0199278 0 0 0 
0.00183415 0.0494778 0.00975928 -0.00586094 0 0 0 
0.0015743 0.0498021 0.0313366 -0.00221943 0 0 0 
0.0020114 0.0498006 0.053356 -0.00223744 0 0 0 
0.00300297 0.0499956 0.0829184 -4.97202e-05 0 0 0 
0.00432706 0.0494066 0.110638 -0.00666448 0 0 0 
0.00404397 0.0455056 0.107115 0.0202309 0 0 0 
0.00579101 0.0462643 0.137957 -0.00393419 0 0 0 
0.00862878 -0.0413685 -0.227765 -0.000288039 0 0 0 
0.00723039 -0.0498901 -0.127239 -0.00123272 0 0 0 
0.00264945 -0.049755 -0.0440417 -0.00274829 0 0 0 
0.00179147 0.0101442 -0.0222834 0.0488524 0 0 0 
0.00820317 -0.049268 -0.202906 -0.00532171 0 0 0 
0.0023913 -0.019225 0.0338413 0.046004 0 0 0 
0.00277963 -0.0435541 -0.0487869 0.0241674 0 0 0 
0.00690477 -0.0439102 -0.12528 0.0234491 0 0 0 
0.00778389 -0.0432218 -0.202676 0.0243447 0 0 0 
0.00361033 -0.0194847 0.0600156 0.0458752 0 0 0 
0.00828954 0.0279686 -0.231622 -0.026105 0 0 0 
0.00356652 -0.0418749 -0.0183426 -0.027164 0 0 0 
0.00481492 -0.04151 -0.0974113 -0.0276224 0 0 0 
0.00826819 -0.0199438 -0.175187 0.0456478 0 0 0 
0.00806061 -0.0417303 -0.174777 -0.0273457 0 0 0 
0.00355401 -0.0499009 -0.0206755 -0.00111133 0 0 0 
0.00487701 -0.049461 -0.094694 -0.00604943 0 0 0 
0.00835492 -0.0206552 -0.154112 0.0452952 0 0 0 
0.00772005 0.0295894 -0.229611 0.0271047 0 0 0 
0.00558813 -0.0178532 -0.120617 0.0466841 0 0 0 
0.00839872 -0.0498747 -0.174542 -0.00140657 0 0 0 
0.00324205 -0.0494235 0.00329636 -0.00647147 0 0 0 
0.0047218 -0.04268 -0.101485 0.0259318 0 0 0 
0.00776855 -0.0420026 -0.177128 0.0270036 0 0 0 
0.00339797 -0.0453601 0.00307516 0.0205237 0 0 0 
0.00548853 0.0365764 0.134364 -0.0303873 0 0 0 
0.00274681 -0.0174755 -0.069602 0.046827 0 0 0 
0.00328802 -0.0427281 -0.0683836 -0.0258346 0 0 0 
0.00219979 -0.0498476 0.0605019 -0.00170919 0 0 0 
0.00259199 -0.0425108 0.0326529 -0.0262731 0 0 0 
0.00831833 -0.043299 -0.151436 -0.0246826 0 0 0 
0.00348316 -0.0497467 -0.0759701 -0.00284107 0 0 0 
0.00664032 0.0329771 0.157092 -0.00161431 0 0 0 
0.00309938 -0.0416625 0.0580316 0.0274308 0 0 0 
0.00820142 -0.0495387 -0.154074 -0.00517886 0 0 0 
0.00223118 -0.0499596 0.0332026 0.000453187 0 0 0 
0.00309655 -0.0459681 -0.0760567 0.0192974 0 0 0 
0.00714609 -0.0438965 -0.146392 0.023477 0 0 0 
0.00252083 -0.0436007 0.0299159 0.0240734 0 0 0 
0.00312794 -0.0424941 0.0814308 -0.026307 0 0 0 
0.00285366 -0.0418212 -0.0436669 -0.0272315 0 0 0 
0.00687722 -0.0421694 -0.126871 -0.0267941 0 0 0 
0.00426966 -0.0495137 0.0866629 -0.00546019 0 0 0 
0.00481711 -0.0428605 0.0793741 0.0255673 0 0 0 
0.00665374 -0.0433687 0.106456 -0.0245423 0 0 0 
0.00737169 -0.0499077 0.109648 0.00103653 0 0 0 
0.00595581 -0.0428767 0.105346 0.0255349 0 0 0 
0.00586714 -0.0468743 0.13716 0.000443941 0 0 0 
0.00580541 0.04148 -0.0704661 -0.0276601 0 0 0 
0.00788543 0.044116 -0.202308 0.022606 0 0 0 
0.00782182 -0.0406813 -0.203928 -0.0281751 0 0 0 
0.00170569 0.0158025 0.00206193 0.0472891 0 0 0 
0.0021436 0.0392842 0.0592031 -0.0304186 0 0 0 
0.00675293 0.045186 -0.0744871 0.0208748 0 0 0 
0.0077765 0.0394752 -0.178984 -0.0301788 0 0 0 
0.00195421 0.0155079 0.0348344 0.0473705 0 0 0 
0.00355612 -0.039406 0.0028087 -0.0302653 0 0 0 
0.00241011 0.0413041 0.0531437 0.027881 0 0 0 
0.00272742 0.0415497 -0.0465913 -0.0275725 0 0 0 
0.00231966 -0.037925 0.0583645 -0.0321261 0 0 0 
0.00270325 0.0188437 0.0560524 0.046193 0 0 0 
0.00586431 0.0423858 -0.149477 -0.0265223 0 0 0 
0.00348101 0.0408052 0.0819952 -0.0285078 0 0 0 
0.00734623 -0.0367398 0.137849 -0.028145 0 0 0 
0.00203713 0.0434998 -0.0194878 -0.0242771 0 0 0 
0.00306772 0.0413411 0.0790905 0.0278345 0 0 0 
0.00417784 0.0388582 -0.12315 -0.0309537 0 0 0 
0.00755402 0.0184462 -0.19813 0.0463903 0 0 0 
0.00483094 -0.0411519 0.134757 0.0237642 0 0 0 
0.00212606 0.0434963 -0.0228749 0.0242841 0 0 0 
0.00550148 0.0387584 0.112432 -0.0310794 0 0 0 
0.00879673 0.0432093 -0.22424 -0.00338678 0 0 0 
0.00485264 0.0409259 -0.0989393 -0.0283561 0 0 0 
0.00197974 0.0396545 0.00534283 -0.0299531 0 0 0 
0.00825939 0.0406152 -0.20505 -0.0281163 0 0 0 
0.00342939 0.0130538 -0.07214 0.0480484 0 0 0 
0.00611026 0.0413641 0.138811 0.0199707 0 0 0 
0.00216378 0.0450764 0.00719638 0.021096 0 0 0 
0.00146368 0.0401351 0.0347495 -0.0293495 0 0 0 
0.00531022 -0.00114834 0.121353 0.0497775 0 0 0 
0.00847204 -0.0268943 -0.241954 -0.00136013 0 0 0 
0.00211578 0.0498485 -0.00766802 -0.00169938 0 0 0 
0.00584202 -0.00333616 0.169536 0.00188444 0 0 0 
0.00837681 -0.00541341 -0.249502 -0.000181346 0 0 0 
0.00807425 0.025627 -0.242771 0.000651088 0 0 0 
0.00784187 -0.00430582 -0.245167 0.0201074 0 0 0 
0.0080091 0.00949278 -0.165534 0.0490324 0 0 0 
0.00444189 0.00572878 0.095078 0.0494898 0 0 0 
0.00356017 -0.0428979 -0.0152327 0.0254919 0 0 0 
0.00795496 -0.0164002 -0.193296 0.047124 0 0 0 
0.00401143 0.00995502 -0.112118 0.0489046 0 0 0 
0.00284542 -0.0169725 -0.0899666 0.0469659 0 0 0 
0.00477357 -0.0191777 0.0895262 0.0460275 0 0 0 
0.00863932 0.00369093 -0.242907 -0.0247973 0 0 0 
0.00757111 0.00508627 -0.219695 0.0452975 0 0 0 
0.00625031 0.041338 -0.0873908 0.0278384 0 0 0 
0.00768894 0.0161437 -0.242746 0.0197208 0 0 0 
0.00825776 0.0418326 -0.217293 0.0205544 0 0 0 
0.00621682 0.010723 0.168302 -0.00432544 0 0 0 
0.00610867 -0.0282493 0.151368 -0.0261506 0 0 0 
0.00506532 0.0454458 0.123552 0.0196864 0 0 0 
0.006088 -0.0496762 -0.110261 -0.00363279 0 0 0 
0.00314034 -0.0434978 -0.0324491 0.0242811 0 0 0 
0.0047482 -0.0198234 0.123408 0.0453916 0 0 0 
0.00240571 -0.0171967 -0.00488268 0.046904 0 0 0 
0.00525591 -0.0390716 0.150417 -0.00221335 0 0 0 
0.00617388 0.0145615 0.130058 0.0464486 0 0 0 
0.00156584 0.0434152 0.0205977 -0.0244478 0 0 0 
0.00474679 0.00164999 -0.101735 -0.0498529 0 0 0 
0.00299305 -0.0275904 0.0802429 -0.0415354 0 0 0 
0.00763528 -0.0267861 -0.206454 -0.0415283 0 0 0 
0.00202462 0.0469912 0.0570258 -0.0168809 0 0 0 
0.00513759 -0.0251045 0.105315 -0.04309 0 0 0 
0.00790493 0.0265539 -0.19862 -0.0423606 0 0 0 
0.00428926 -0.000184592 -0.0766019 -0.0499835 0 0 0 
0.00722472 -0.0269385 -0.180587 -0.0420544 0 0 0 
0.00466768 -0.0306796 0.134165 0.0364069 0 0 0 
0.00312384 -0.00332204 -0.0504177 -0.0497038 0 0 0 
0.00828058 0.0257837 -0.173192 -0.0427533 0 0 0 
0.00812213 -0.0247592 -0.151257 -0.043261 0 0 0 
0.00211432 -0.00416602 -0.0218568 -0.0496286 0 0 0 
0.00774548 0.0232304 -0.152224 -0.0440188 0 0 0 
0.00230947 0.022869 -0.0430938 -0.0441975 0 0 0 
0.00804822 -0.00253221 -0.227419 -0.0414207 0 0 0 
0.00732205 -0.00626695 -0.204329 -0.0490577 0 0 0 
0.00192599 -0.004277 0.00393647 -0.0496188 0 0 0 
0.00619964 -0.0255214 -0.122044 -0.0428833 0 0 0 
0.00188189 0.0254877 -0.0177993 -0.0429 0 0 0 
0.0048479 0.026041 -0.123953 -0.0426258 0 0 0 
0.00729323 -0.00660124 -0.177862 -0.0494122 0 0 0 
0.00240378 -0.00637566 0.0293723 -0.049432 0 0 0 
0.00836948 -0.00656126 -0.150153 -0.0494156 0 0 0 
0.00177679 0.0251169 0.00121664 -0.0430837 0 0 0 
0.00459586 0.0272792 -0.0996713 -0.0417832 0 0 0 
0.00382234 -0.0242005 -0.074529 -0.0435378 0 0 0 
0.00606888 -0.00590549 -0.124934 -0.0494739 0 0 0 
0.00249017 0.00151027 0.0592768 -0.0498653 0 0 0 
0.00219084 0.0258499 0.05786 -0.0427205 0 0 0 
0.00459873 0.0239826 -0.0744594 -0.0436457 0 0 0 
0.00302005 -0.027435 -0.0436802 -0.0416592 0 0 0 
0.00326633 0.00169249 0.0869295 -0.0498492 0 0 0 
0.00373376 0.0226964 0.0846406 -0.0442835 0 0 0 
0.00321971 -0.027417 -0.0184825 -0.0416735 0 0 0 
0.00575869 0.000421673 0.113357 -0.0499624 0 0 0 
0.00595459 0.0252062 0.107434 -0.0430396 0 0 0 
0.00333206 -0.0243049 0.00793461 -0.0434861 0 0 0 
0.00658555 -0.0024315 0.135623 -0.0471206 0 0 0 
0.00573083 0.0200198 0.137255 -0.042129 0 0 0 
0.00268493 -0.0264973 0.0577335 -0.0423998 0 0 0 
0.0052865 0.00938962 -0.120551 -0.0490609 0 0 0 
0.00568296 0.0340956 -0.0751048 0.0363573 0 0 0 
0.00747481 -0.0492393 -0.14791 0.00854355 0 0 0 
0.0063303 0.00701891 0.160395 0.0281487 0 0 0 
0.00241746 0.0344735 -0.0426447 0.0360566 0 0 0 
0.00728458 -0.0192341 0.13312 -0.0438518 0 0 0 
0.00754106 0.0352773 -0.204026 0.034986 0 0 0 
0.00466497 -0.0233154 -0.0978613 -0.0439764 0 0 0 
0.00223537 0.0350648 0.0079091 0.0355859 0 0 0 
0.00743059 0.00998662 -0.204555 -0.0484839 0 0 0 
0.00770402 0.0359765 -0.172846 0.0345741 0 0 0 
0.0079037 0.0103856 -0.174637 -0.0487857 0 0 0 
0.00195467 0.0358874 0.0350684 0.034686 0 0 0 
0.00593629 0.0341833 -0.148182 0.0362876 0 0 0 
0.00411464 0.0362262 -0.127048 0.0342603 0 0 0 
0.00620998 0.0325842 0.133998 0.0349679 0 0 0 
0.00476574 0.0340484 -0.0996699 0.0363949 0 0 0 
0.00152697 0.0134422 0.00938594 -0.0479412 0 0 0 
0.00633962 -0.035006 -0.121523 0.0356327 0 0 0 
0.0075788 0.0123872 -0.231939 0.0359409 0 0 0 
0.00149855 0.0178994 0.0284021 -0.0466612 0 0 0 
0.00281676 -0.0359537 -0.0758645 0.0346027 0 0 0 
0.00772734 -0.0294579 -0.21805 0.0355531 0 0 0 
0.00651561 0.046649 -0.0880342 -0.0179241 0 0 0 
0.00175791 0.0487715 0.0182451 0.010437 0 0 0 
0.00263254 0.049318 0.0692696 0.00765797 0 0 0 
0.00804403 0.0470658 -0.195844 -0.016611 0 0 0 
0.00347201 0.0493479 0.0962064 0.00732308 0 0 0 
0.00670913 0.0468505 -0.164099 -0.0173902 0 0 0 
0.00819693 -0.042219 -0.217298 -0.0198039 0 0 0 
0.00783654 -0.0177095 -0.220055 -0.0418799 0 0 0 
0.00273961 -0.0496909 -0.0616641 0.00346626 0 0 0 
0.00288312 -0.0444085 0.016209 -0.0224436 0 0 0 
0.00218448 0.0346896 -0.0102835 0.0358846 0 0 0 
0.00780805 -0.0471171 0.120824 -0.0161572 0 0 0 
0.00270201 -0.04934 0.0172651 0.00741057 0 0 0 
0.00351237 -0.0174561 -0.0608599 -0.0468323 0 0 0 
0.00289844 0.0349183 0.0666332 0.0357026 0 0 0 
0.00828185 -0.0199031 -0.241866 -0.017891 0 0 0 
0.00498795 0.0354643 0.115053 0.0352177 0 0 0 
0.0056426 0.0364662 0.146287 -0.0210928 0 0 0 
0.00286604 -0.0375489 0.0124533 0.0325985 0 0 0 
0.00456871 0.0410514 -0.0602365 0.0281985 0 0 0 
0.00361647 0.0396899 0.0951462 0.029909 0 0 0 
0.00800529 -0.0365494 -0.191917 0.0338545 0 0 0 
0.00649285 0.0158743 0.166168 0.00974079 0 0 0 
0.00263128 -0.0393566 0.0434375 0.0303276 0 0 0 
0.00423286 0.0446618 -0.11206 -0.0219326 0 0 0 
0.00541768 -0.0351962 0.0923432 0.0354814 0 0 0 
0.00802154 0.0110166 -0.248061 0.00608454 0 0 0 
0.00481612 -0.0354741 0.117101 0.0352054 0 0 0 
0.00801806 0.015069 -0.222023 -0.0419192 0 0 0 
0.00332106 -0.0261612 0.0239763 -0.0425663 0 0 0 
0.00589167 -0.00600488 0.15404 0.035845 0 0 0 
0.00405753 0.0460917 0.0967822 -0.0190483 0 0 0 
0.00519734 0.046506 0.126136 -0.0166579 0 0 0 
0.0034453 0.0267628 -0.0585122 -0.0421943 0 0 0 
0.00623029 0.0493658 -0.15965 0.00712187 0 0 0 
0.00431555 0.0468716 -0.135423 -0.0173138 0 0 0 
0.00797256 -0.049293 -0.186783 0.00794023 0 0 0 
0.00747211 0.0347983 -0.188753 0.0357981 0 0 0 
0.0057186 -0.0461129 -0.109858 -0.0190053 0 0 0 
0.00214222 -0.046524 0.0462344 -0.0181763 0 0 0 
0.00685367 0.00532472 -0.135595 -0.0495257 0 0 0 
0.0063798 -0.0489926 0.122998 0.00832873 0 0 0 
0.00752459 -0.0386117 -0.158076 0.0312634 0 0 0 
0.00181076 0.0177991 0.0447619 -0.0467109 0 0 0 
0.00275805 0.0133338 0.0727383 -0.0479712 0 0 0 
0.00288387 -0.0347208 -0.0586403 0.0358597 0 0 0 
0.00760986 -0.0105495 -0.235965 0.0325625 0 0 0 
0.00319299 -0.0291635 -0.0185415 0.0402831 0 0 0 
0.00512425 -0.0485788 -0.0992298 0.0111344 0 0 0 
0.00546711 -0.0164874 0.164772 -0.0141941 0 0 0 
0.00667221 0.0209288 0.144087 0.0382145 0 0 0 
0.00716122 -0.0312283 0.120179 -0.0386226 0 0 0 
0.00326408 -0.0302436 -0.0360378 0.0394232 0 0 0 
0.00757993 0.026249 -0.218308 0.038025 0 0 0 
0.00292827 -0.030902 0.0401216 -0.0388993 0 0 0 
0.0049993 0.0485947 -0.0598232 -0.0110766 0 0 0 
0.00226313 0.0480214 -0.0361104 -0.0131514 0 0 0 
0.00222445 0.047772 -0.00933291 0.0140545 0 0 0 
0.00809043 -0.0414019 -0.220741 0.0179515 0 0 0 
0.00231818 -0.0229665 0.0178954 0.0441493 0 0 0 
0.00763719 -0.0161668 -0.218902 0.0431421 0 0 0 
0.00514102 0.032831 -0.0855835 -0.0373638 0 0 0 
0.00775155 -0.0482074 -0.137536 -0.0124786 0 0 0 
0.00814012 -0.0213796 -0.242874 0.0128173 0 0 0 
0.00846477 0.0102231 -0.247979 -0.00893356 0 0 0 
0.00417701 -0.0333067 0.068923 0.0369853 0 0 0 
0.00494606 -0.041199 0.144841 0.0126672 0 0 0 
0.00751562 -0.0336292 -0.1428 0.0367286 0 0 0 
0.00338384 -0.0337372 -0.0930647 0.0366426 0 0 0 
0.00560693 -0.0367928 -0.112227 -0.0335485 0 0 0 
0.00317748 -0.0334932 -0.0599272 -0.0368368 0 0 0 
0.00188734 0.0265481 -0.0305534 0.0423652 0 0 0 
0.00202756 0.04783 0.0474684 0.0138446 0 0 0 
0.0018371 0.0240245 0.0215427 0.043625 0 0 0 
0.00261132 0.0483976 0.0716484 -0.0117901 0 0 0 
0.00488408 -0.0287157 0.104869 0.0406398 0 0 0 
0.00387381 -0.0232903 -0.104737 0.0439889 0 0 0 
0.00196361 0.0339649 -0.0283103 -0.0364613 0 0 0 
0.00833804 0.0346252 -0.233658 -0.0122218 0 0 0 
0.00276861 -0.0485498 -0.0583349 -0.0112391 0 0 0 
0.0038421 -0.0358573 -0.0784694 -0.0347239 0 0 0 
0.00607074 -0.00933151 0.149063 -0.0391267 0 0 0 
0.00351659 0.00508865 0.069667 0.0495467 0 0 0 
0.00737934 0.0388192 -0.163792 -0.0310029 0 0 0 
0.00309668 -0.0160587 -0.0535194 0.0472183 0 0 0 
0.00294906 -0.0153793 -0.0302745 0.047406 0 0 0 
0.00290897 0.00773021 -0.0558953 0.0493116 0 0 0 
0.00733636 0.0471096 -0.179071 -0.0164523 0 0 0 
0.00708164 -0.0157242 -0.191641 -0.0473108 0 0 0 
0.00234225 -0.0471659 0.0687139 -0.0162483 0 0 0 
0.00214781 0.00933664 -0.0353292 -0.0490755 0 0 0 
0.00759807 -0.0177967 -0.168333 -0.0467121 0 0 0 
0.00169108 0.00727857 -0.0105877 -0.0493517 0 0 0 
0.00504261 -0.0237428 0.147592 0.0338117 0 0 0 
0.0028073 -0.0129554 -0.0371853 -0.0480756 0 0 0 
0.00350292 0.0118687 -0.0605947 -0.0483759 0 0 0 
0.00766085 0.0490613 -0.18743 0.00938802 0 0 0 
0.00422079 0.0492867 -0.134257 0.00801062 0 0 0 
0.00309075 -0.0490958 0.071309 0.00926326 0 0 0 
0.00413999 -0.0457417 -0.0848974 -0.019754 0 0 0 
0.00467642 0.00953315 0.100457 -0.0490212 0 0 0 
0.00652521 0.0108699 0.124294 -0.0482641 0 0 0 
0.0029291 -0.0143284 0.0468744 -0.0476964 0 0 0 
0.00276923 -0.0114964 0.0744134 -0.0484788 0 0 0 
0.00497199 -0.0484581 0.0861343 0.0115712 0 0 0 
0.0081184 0.0353929 -0.232552 0.0126081 0 0 0 
0.00250395 -0.0330104 0.0311233 0.037221 0 0 0 
0.00156506 0.0474398 0.0391571 -0.0152571 0 0 0 
0.0050458 0.0478647 -0.060179 0.013719 0 0 0 
0.00349139 0.0225403 -0.060418 0.0443604 0 0 0 
0.00813995 0.0309464 -0.217683 -0.0345497 0 0 0 
0.00770613 -0.0343242 -0.140041 -0.0361754 0 0 0 
0.0045692 -0.036689 0.0959102 -0.033679 0 0 0 
0.00225568 -0.0482613 0.0452716 0.0122833 0 0 0 
0.00145655 0.0305396 0.0234039 -0.0391877 0 0 0 
0.0081103 -0.0150229 -0.23399 -0.0333071 0 0 0 
0.00791354 -0.033934 -0.162302 -0.036486 0 0 0 
0.00760293 0.00258852 -0.194418 0.0497695 0 0 0 
0.00686458 0.00635612 -0.140826 0.0494339 0 0 0 
0.00844186 0.0407445 -0.21943 -0.0205604 0 0 0 
0.00488396 0.0493805 0.123038 0.00392621 0 0 0 
0.00520632 -0.0162067 -0.111132 -0.0471774 0 0 0 
0.00397583 -0.0108149 0.0970428 -0.0486671 0 0 0 
0.00747372 -0.0466491 -0.163815 0.0179239 0 0 0 
0.00571509 0.0327122 -0.140353 -0.0374585 0 0 0 
0.00530875 0.0120576 0.151294 -0.0365443 0 0 0 
0.00817851 -0.0473492 -0.190096 -0.0155851 0 0 0 
0.00727004 0.00788969 -0.1897 -0.0492975 0 0 0 
0.00593006 -0.0142079 0.115359 -0.0477297 0 0 0 
0.00212747 0.0460859 -0.00305658 -0.0190597 0 0 0 
0.00284187 -0.027847 0.0462946 0.0413312 0 0 0 
0.00612741 0.0291532 0.12264 -0.0400356 0 0 0 
0.00306749 -0.0357273 -0.0320593 -0.0348872 0 0 0 
0.00442642 -0.0107683 -0.0878197 -0.0486799 0 0 0 
0.00808854 -0.047976 -0.2087 0.0104658 0 0 0 
0.00749851 -0.0373086 -0.189124 -0.0329007 0 0 0 
0.0016822 0.00969237 0.0194219 0.0489772 0 0 0 
0.00280333 -0.0289333 0.00275833 0.0404663 0 0 0 
