81 0 0 1
1.8255e-19 -0.014 -0.04 0 0 0 -0.5 0.5 0.5 0.5 0 0 0 
0.00316297 0.025 -0.0123942 -0.0941317 0 0 0 
0.00245289 0.025 -0.0149616 -0.0417321 0 0 0 
0.00213141 0.025 -0.0136897 -0.0650266 0 0 0 
0.00285865 0.025 -0.0132707 -0.0161618 0 0 0 
0.00238483 0.025 -0.0147766 0.0104464 0 0 0 
0.00158118 -0.025 -0.00967998 -0.00886386 0 0 0 
0.00291281 -0.025 -0.012972 -0.0686912 0 0 0 
0.00258399 -0.025 -0.015125 -0.0922615 0 0 0 
0.00163237 -0.025 -0.0128236 0.0109694 0 0 0 
0.00251473 -0.00425904 -0.034 -0.0400303 0 0 0 
0.00153271 -0.00456279 -0.034 0.0161539 0 0 0 
0.0027697 -0.00613121 -0.034 -0.0878183 0 0 0 
0.00241175 0.0214536 -0.034 -0.0657437 0 0 0 
0.00151245 -0.00614886 -0.034 -0.0139285 0 0 0 
0.00233377 0.025 -0.0338674 -0.0362122 0 0 0 
0.00309866 0.025 -0.027751 -0.089619 0 0 0 
0.00276809 -0.00303285 -0.034 -0.0649063 0 0 0 
0.0023331 0.0249394 -0.034 -0.0129763 0 0 0 
0.00240019 0.025 -0.0297398 0.0092115 0 0 0 
0.00257096 -0.025 -0.0317368 -0.042552 0 0 0 
0.00163864 -0.025 -0.031831 0.0105333 0 0 0 
0.00142021 -0.0226815 -0.034 -0.0149837 0 0 0 
0.00286131 -0.025 -0.00403597 -0.0413329 0 0 0 
0.00244469 -0.00694323 0.006 -0.0890535 0 0 0 
0.00169008 -0.000366704 0.006 0.0107641 0 0 0 
0.00242217 -0.00718585 0.006 -0.0363684 0 0 0 
0.00244776 0.0233844 0.006 0.0158964 0 0 0 
0.00289699 0.025 0.00523122 -0.0415116 0 0 0 
0.0033496 0.0189574 0.006 -0.0940427 0 0 0 
0.00244059 -0.00766609 0.006 -0.0617484 0 0 0 
0.00202052 -0.00118716 0.006 -0.0163837 0 0 0 
0.00320639 0.0214524 0.006 -0.014253 0 0 0 
0.0023462 0.0232688 0.006 -0.0613514 0 0 0 
0.00175761 -0.021648 0.006 -0.0159121 0 0 0 
0.00164205 -0.018923 0.006 0.0172712 0 0 0 
0.00363908 -0.00604353 -0.0101204 -0.1125 0 0 0 
0.00544111 0.025 -0.00962401 -0.110276 0 0 0 
0.00349235 -0.025 -0.0110626 -0.110319 0 0 0 
0.0033489 -0.00467888 -0.034 -0.10469 0 0 0 
0.00558649 0.0241097 -0.034 -0.108549 0 0 0 
0.00246032 0.020064 -0.034 0.0225857 0 0 0 
0.00304773 0.025 -0.00339063 -0.0291197 0 0 0 
0.00243995 0.025 -0.000600283 -0.0781575 0 0 0 
0.0040986 -0.0228033 -0.034 -0.111172 0 0 0 
0.00325158 -0.025 -0.000543961 -0.0573476 0 0 0 
0.00437314 0.0059923 -0.00100379 -0.1125 0 0 0 
0.00297023 -0.0205911 -0.034 -0.0793142 0 0 0 
0.0021972 0.0123328 -0.034 -0.0283329 0 0 0 
0.00246814 0.0105871 -0.034 -0.0543028 0 0 0 
0.00224543 0.00933502 0.006 -0.0547425 0 0 0 
0.00180868 -0.025 -0.0216108 -0.0267598 0 0 0 
0.00399242 0.00724274 -0.0172613 -0.1125 0 0 0 
0.00313558 -0.025 -0.0221193 -0.0567928 0 0 0 
0.00230584 0.0074327 0.006 -0.0828251 0 0 0 
0.00248358 0.0161184 0.006 -0.000214714 0 0 0 
0.00163661 -0.0104793 0.006 -0.00159179 0 0 0 
0.00425095 -0.00801979 0.006 -0.111887 0 0 0 
0.00270618 0.0144882 0.006 -0.032715 0 0 0 
0.00177776 -0.00391786 -0.00833726 0.0325 0 0 0 
0.00258198 0.0248942 -0.00921533 0.0325 0 0 0 
0.00182051 -0.0242986 -0.0163758 0.0325 0 0 0 
0.00196871 0.000882398 -0.034 0.0309419 0 0 0 
0.00166618 0.00747447 -0.034 0.00439277 0 0 0 
0.00181057 -0.0200021 -0.034 0.0265853 0 0 0 
0.0018872 -0.00014203 0.006 0.0298654 0 0 0 
0.00271506 -0.0219798 0.006 -0.0726318 0 0 0 
0.00200923 0.0070152 -0.019573 0.0325 0 0 0 
0.00260206 0.0118852 -0.034 -0.0786143 0 0 0 
0.00181229 -0.0140062 -0.034 -0.027563 0 0 0 
0.00179353 -0.0221023 -0.000681903 0.0325 0 0 0 
0.00267087 0.023363 -0.0242848 0.0325 0 0 0 
0.00241636 0.015293 0.0033947 0.0325 0 0 0 
0.00323533 -0.0226696 -0.034 -0.0616025 0 0 0 
0.00668565 0.0241938 0.006 -0.109905 0 0 0 
0.00169759 -0.025 0.00351277 0.0033892 0 0 0 
0.00266017 -0.025 0.00139862 -0.0913338 0 0 0 
0.00144085 -0.025 -0.0251725 -0.00392966 0 0 0 
0.0022324 0.025 -0.0265045 -0.0516572 0 0 0 
0.00136311 -0.012615 -0.034 -2.06334e-06 0 0 0 
0.00299282 -0.0233192 -0.034 -0.0941148 0 0 0 
0.00399269 -0.025 0.0040605 -0.111587 0 0 0 
