402 0 0 1
1.44007e-10 -0.07 -8.25014e-11 0 0 0 0.683384 0.683384 -0.18162 -0.18162 0 0 0 
0.00826475 -0.0241053 -0.291868 -0.0295466 0 0 0 
0.00213756 0.0459659 -0.105151 0.0193018 0 0 0 
0.00605964 0.0204011 -0.15817 0.0454209 0 0 0 
0.00223258 3.87354e-05 0.0482903 0.0499965 0 0 0 
0.00146966 0.0499738 0.0264163 0.000293996 0 0 0 
0.00798498 -0.00320907 -0.159433 0.049714 0 0 0 
0.00505629 0.0265114 0.149566 -0.0300689 0 0 0 
0.00255691 0.0495559 -0.0797501 -0.00498214 0 0 0 
0.00760504 -0.00154544 -0.133831 0.0498622 0 0 0 
0.00297906 -0.000459812 0.0739412 0.049959 0 0 0 
0.00799404 -0.0318117 -0.287619 0.0262188 0 0 0 
0.00156686 0.0453822 0.0253648 0.0204792 0 0 0 
0.0024388 0.0201081 -0.0777212 0.0455661 0 0 0 
0.00201311 0.0458069 -0.0776789 0.0196225 0 0 0 
0.00695775 0.0253429 0.157119 0.0212872 0 0 0 
0.00217851 0.0201903 -0.0583576 0.0455254 0 0 0 
0.00577116 -0.00064324 0.102683 0.0499427 0 0 0 
0.00139231 0.0498915 0.0454929 -0.00121696 0 0 0 
0.00735488 -0.00494816 -0.109209 0.049559 0 0 0 
0.00572367 -0.0258369 0.154802 -0.0243663 0 0 0 
0.00187782 0.0497652 -0.057187 -0.0026329 0 0 0 
0.00200868 0.0200538 -0.0309463 0.0455931 0 0 0 
0.00221591 0.0496935 0.0772201 -0.00344145 0 0 0 
0.00791333 0.0494977 -0.2636 -0.00204545 0 0 0 
0.00785233 2.80293e-06 0.123826 0.0496591 0 0 0 
0.00500613 -0.00147956 -0.0777402 0.0498681 0 0 0 
0.00180091 0.0499885 -0.025165 0.000129285 0 0 0 
0.00234793 0.0205549 -0.00664442 0.0453446 0 0 0 
0.003029 0.0497542 0.0997066 -0.00275967 0 0 0 
0.00745294 -0.0280446 0.155537 0.0202499 0 0 0 
0.00770536 0.0494597 -0.237297 -0.00606801 0 0 0 
0.00169784 0.0453589 -0.0247865 0.0205261 0 0 0 
0.00269384 -0.00445661 -0.0289029 0.0496028 0 0 0 
0.00781912 0.049855 -0.18517 0.00162634 0 0 0 
0.00804524 0.0219054 -0.291934 -0.0315487 0 0 0 
0.00419316 0.0456582 0.0993648 0.0199229 0 0 0 
0.0025375 0.0196518 0.02571 0.0457924 0 0 0 
0.00775826 -0.00526404 -0.264427 0.0491382 0 0 0 
0.00857543 0.0456628 -0.232074 0.0199136 0 0 0 
0.00193414 0.0496742 -0.0068286 -0.00365469 0 0 0 
0.00247592 -0.00424198 -0.00416635 0.049622 0 0 0 
0.00768218 0.0456482 -0.181269 0.0199427 0 0 0 
0.00245137 0.0202354 0.0494512 0.0455032 0 0 0 
0.00490113 0.0493727 0.125319 -0.001731 0 0 0 
0.00855905 0.0194926 -0.234951 0.0458715 0 0 0 
0.00792264 0.0497588 -0.212042 -0.00270707 0 0 0 
0.0080928 -0.00287249 -0.236453 0.0497442 0 0 0 
0.00221865 -0.00135985 0.0201131 0.0498788 0 0 0 
0.00664836 0.049999 -0.160518 -1.15641e-05 0 0 0 
0.00872733 0.0455246 -0.206338 0.0201922 0 0 0 
0.00779402 0.0201543 -0.181308 0.0455433 0 0 0 
0.00816584 -0.00068668 -0.213043 0.0499388 0 0 0 
0.0058338 0.045932 -0.16015 0.0193702 0 0 0 
0.00796923 -0.00130308 -0.186639 0.0498838 0 0 0 
0.004457 0.049691 -0.1358 -0.00346615 0 0 0 
0.00293193 0.0452932 -0.128675 0.0206585 0 0 0 
0.00317046 0.0496964 -0.10816 -0.00340504 0 0 0 
0.0025614 -0.0432012 0.0245363 0.0248799 0 0 0 
0.00738283 -0.0446073 -0.0807636 0.0220419 0 0 0 
0.00820705 -0.0418139 -0.181018 0.0272406 0 0 0 
0.00838636 -0.0413685 -0.287765 -0.000288039 0 0 0 
0.00758678 -0.0421126 0.124919 -0.0261821 0 0 0 
0.00446875 -0.0165174 -0.0582358 0.0470916 0 0 0 
0.00303915 0.00403134 -0.0533371 0.0496406 0 0 0 
0.00749998 0.032986 -0.288282 0.0240279 0 0 0 
0.00483395 -0.0432845 -0.0561094 -0.0247116 0 0 0 
0.00494334 -0.0430332 0.0467038 -0.0252189 0 0 0 
0.00807208 -0.0429278 -0.258429 -0.0254319 0 0 0 
0.00701404 -0.0421904 -0.158517 -0.0267677 0 0 0 
0.00851723 -0.0491413 0.124849 -0.0048075 0 0 0 
0.0051005 -0.0495761 -0.0552472 -0.00475496 0 0 0 
0.004111 -0.0499824 0.0510207 0.000196865 0 0 0 
0.0083511 -0.0496899 -0.262435 -0.00105067 0 0 0 
0.0068509 -0.0499844 -0.155471 -0.000174948 0 0 0 
0.00647158 0.0334231 0.156858 0.000359086 0 0 0 
0.00469289 -0.0429072 -0.051328 0.0254732 0 0 0 
0.00852813 -0.0417937 0.12769 0.0262947 0 0 0 
0.0079811 -0.0430709 -0.262351 0.0247095 0 0 0 
0.00283198 -0.0421776 0.0460786 0.0267838 0 0 0 
0.00212726 -0.0164637 0.0202085 0.0471064 0 0 0 
0.00784144 -0.0421806 -0.155093 0.02678 0 0 0 
0.0034863 -0.0429189 -0.0309886 -0.0254495 0 0 0 
0.00802828 -0.0427851 -0.237159 -0.0257197 0 0 0 
0.00664201 -0.0417041 0.072135 -0.0273785 0 0 0 
0.00433191 -0.0197503 0.078591 0.0457437 0 0 0 
0.00723655 -0.0434167 -0.129521 -0.0244448 0 0 0 
0.00827855 -0.049525 -0.232307 -0.00533409 0 0 0 
0.00404154 -0.0499303 -0.031843 -0.000782093 0 0 0 
0.00654432 -0.0498191 0.0750648 -0.00202999 0 0 0 
0.00735594 -0.0191601 0.10047 0.0460363 0 0 0 
0.00766004 -0.0193213 -0.234931 0.0459564 0 0 0 
0.00708004 -0.0494859 -0.133111 -0.00576987 0 0 0 
0.00775863 -0.0431654 -0.2379 0.0249523 0 0 0 
0.00401774 -0.0419539 -0.032418 0.0270648 0 0 0 
0.00549739 -0.0441294 0.0754514 0.0230072 0 0 0 
0.00831402 -0.0166105 0.126066 0.0465252 0 0 0 
0.00759721 -0.0495511 -0.207031 -0.0050403 0 0 0 
0.00761119 -0.0443308 -0.130994 0.0226002 0 0 0 
0.00378108 -0.0497971 -0.00637078 -0.00227578 0 0 0 
0.00780084 -0.0423113 0.101608 -0.0266159 0 0 0 
0.00805413 -0.0450514 -0.207691 0.021147 0 0 0 
0.00327476 -0.0433442 -0.00212737 0.0245911 0 0 0 
0.0075255 -0.0428068 -0.10509 -0.0256757 0 0 0 
0.00768543 -0.0496616 0.0988336 -0.00380028 0 0 0 
0.00686446 -0.0431539 -0.188522 -0.0249752 0 0 0 
0.00325864 -0.0499737 0.0245514 -0.000295195 0 0 0 
0.00765121 -0.0496242 -0.102767 -0.00421518 0 0 0 
0.00757204 -0.0454758 0.100025 0.0202909 0 0 0 
0.00705243 -0.0494099 -0.184622 -0.00662479 0 0 0 
0.00802778 -0.0190209 -0.208369 0.0461052 0 0 0 
0.00757533 -0.0428281 -0.102159 0.0256328 0 0 0 
0.00797125 -0.0177216 -0.155785 0.0467494 0 0 0 
0.00704543 -0.0434817 -0.0848276 -0.0243137 0 0 0 
0.00769164 -0.0199997 -0.102534 0.0456199 0 0 0 
0.00681381 -0.0175816 -0.080579 0.0467976 0 0 0 
0.00170019 0.0398928 0.0249218 -0.0296539 0 0 0 
0.00762998 0.0419473 -0.263971 -0.0265722 0 0 0 
0.00355577 -0.0399886 -0.00177611 -0.0295334 0 0 0 
0.00367203 0.0416071 -0.110555 -0.0275004 0 0 0 
0.00718338 -0.0377701 -0.214684 -0.0323208 0 0 0 
0.00289218 0.0139384 0.0786218 0.0478041 0 0 0 
0.00173596 0.0385536 0.0484537 -0.0313364 0 0 0 
0.0041675 -0.0384319 0.024931 -0.0314892 0 0 0 
0.00809832 0.0452341 -0.266196 0.0196132 0 0 0 
0.00311644 0.039112 -0.0837015 -0.0306345 0 0 0 
0.00512078 0.0149042 0.10533 0.0475373 0 0 0 
0.00736679 0.0401904 -0.237056 -0.0292803 0 0 0 
0.00167343 0.0441401 0.0478976 0.0229855 0 0 0 
0.00319589 0.0388271 -0.0566583 -0.0309924 0 0 0 
0.00557883 -0.00913495 0.156581 -0.0322948 0 0 0 
0.00686862 -0.0355909 0.154972 -0.000734079 0 0 0 
0.00753258 0.0416089 -0.214675 -0.0274982 0 0 0 
0.00208158 0.0414692 0.0726571 -0.0276737 0 0 0 
0.001795 0.0445014 -0.0542518 0.0222557 0 0 0 
0.00769701 0.0113377 -0.263574 0.0482005 0 0 0 
0.00277062 0.0401366 -0.0319202 -0.0293475 0 0 0 
0.0078743 0.0382511 -0.29137 -0.00285039 0 0 0 
0.00243918 0.0419393 0.0739388 0.0270831 0 0 0 
0.00798197 0.0379108 -0.183554 -0.0321439 0 0 0 
0.00225444 0.0433285 0.0988265 -0.0246233 0 0 0 
0.00215581 0.0414236 -0.00268888 -0.0277309 0 0 0 
0.00826721 0.0154267 -0.211513 0.0473929 0 0 0 
0.00696098 0.0390033 -0.155571 -0.0307713 0 0 0 
0.00173348 0.0446285 -0.00557254 0.0219997 0 0 0 
0.00447002 0.0427297 -0.128712 -0.0258314 0 0 0 
0.00323104 0.0421054 0.127099 -0.0257991 0 0 0 
0.00520899 0.0136708 -0.130714 0.047878 0 0 0 
0.0067825 0.0413932 0.126558 0.0269434 0 0 0 
0.00458231 0.010828 -0.107236 0.0486634 0 0 0 
0.00827331 -0.0264561 -0.30237 -0.000561178 0 0 0 
0.00174412 0.0499711 0.0100533 0.000324406 0 0 0 
0.00798523 0.0464667 -0.277994 0.00157898 0 0 0 
0.00810441 -0.00167896 0.140163 0.0453847 0 0 0 
0.0062678 -0.0326287 0.1393 -0.0323697 0 0 0 
0.00708619 -0.00585769 0.163628 0.0229381 0 0 0 
0.00790287 -0.00620421 -0.302866 -0.0244229 0 0 0 
0.00783795 0.0195788 -0.305797 0.00035085 0 0 0 
0.00790691 -0.00151694 -0.309544 -0.00361131 0 0 0 
0.00780659 -0.00621657 -0.301596 0.0267308 0 0 0 
0.00747147 0.000315963 -0.278857 0.0461574 0 0 0 
0.00806791 -0.0423841 -0.276988 0.0197885 0 0 0 
0.00686647 -0.0499587 -0.0743382 -0.000463767 0 0 0 
0.00781661 -0.0191536 -0.172949 0.0460394 0 0 0 
0.00568124 0.00833886 0.157886 -0.0309697 0 0 0 
0.00779516 -0.018036 -0.124895 0.0465935 0 0 0 
0.00240042 0.00773075 -0.017856 0.0493115 0 0 0 
0.0079322 0.0353901 -0.280361 -0.0281614 0 0 0 
0.00287692 -0.0159252 -0.0170393 0.0472552 0 0 0 
0.00651508 -0.0232266 0.163989 -0.000347791 0 0 0 
0.00759377 0.00862061 -0.30387 0.0217746 0 0 0 
0.0082911 -0.037271 -0.281233 -0.025191 0 0 0 
0.00251035 0.0380201 0.111328 -0.0320068 0 0 0 
0.00326846 -0.00855857 -0.0448676 0.0492379 0 0 0 
0.00577735 0.0452191 0.13966 -0.00611019 0 0 0 
0.00543038 -0.037706 -0.0689133 -0.032401 0 0 0 
0.00252676 0.0186173 0.00821463 0.0463053 0 0 0 
0.00631384 -0.003122 0.169527 -0.00219475 0 0 0 
0.00833465 0.045958 -0.248848 0.0193181 0 0 0 
0.00210059 -0.0188462 0.0393312 0.0461918 0 0 0 
0.00764776 -0.0415038 -0.221734 0.0276302 0 0 0 
0.00405765 0.00900614 -0.0895111 0.0491668 0 0 0 
0.00744715 -0.0498911 -0.118054 -0.00122097 0 0 0 
0.00790656 -0.0175006 -0.190646 0.04682 0 0 0 
0.00727661 0.0368744 0.140966 0.0258663 0 0 0 
0.00632144 0.0134065 0.167873 0.000863008 0 0 0 
0.0072481 0.000363787 -0.23444 -0.0499676 0 0 0 
0.00448669 -0.00455948 0.0509253 -0.0495938 0 0 0 
0.0027148 -0.0262545 -0.0267493 -0.0425201 0 0 0 
0.00160712 0.047117 0.0508249 -0.0164257 0 0 0 
0.00807188 -0.0256151 -0.258794 -0.042837 0 0 0 
0.00197582 0.0470745 -0.0267926 -0.0165792 0 0 0 
0.00708711 -0.00610181 -0.212267 -0.0494566 0 0 0 
0.00441646 0.00119011 0.0749918 -0.0498939 0 0 0 
0.00300195 -0.0253552 -0.0029283 -0.0429656 0 0 0 
0.00808156 -0.0247195 -0.237805 -0.0432808 0 0 0 
0.0073237 0.000170286 -0.183028 -0.0499848 0 0 0 
0.00552001 -0.00102311 0.104522 -0.0499089 0 0 0 
0.00397617 -0.0270907 0.0258595 -0.0419333 0 0 0 
0.00727178 -0.0266844 -0.21216 -0.0422567 0 0 0 
0.00810944 -0.00391267 -0.15581 -0.0496513 0 0 0 
0.00669186 0.0473886 -0.1578 -0.0154424 0 0 0 
0.0061043 -0.0017873 0.124282 -0.0494599 0 0 0 
0.00717779 -0.0269983 -0.185725 -0.0420069 0 0 0 
0.00842932 -0.0018637 -0.134898 -0.0498338 0 0 0 
0.00591924 -0.0273221 0.0786617 -0.041749 0 0 0 
0.00794002 -0.0268518 -0.158114 -0.0421235 0 0 0 
0.00477573 0.000500644 -0.105754 -0.0499554 0 0 0 
0.00764005 0.00116793 0.153951 0.0363598 0 0 0 
0.00552688 0.0232667 -0.128232 -0.0440005 0 0 0 
0.00838079 -0.0253939 -0.133238 -0.0429465 0 0 0 
0.0069108 -0.0272404 0.0991934 -0.0418141 0 0 0 
0.00313943 -0.00471717 -0.0811013 -0.0495795 0 0 0 
0.00358336 0.0268797 -0.110266 -0.0421012 0 0 0 
0.00711689 0.0194176 -0.291676 0.0331196 0 0 0 
0.0076731 -0.0276265 -0.109319 -0.0415067 0 0 0 
0.00274813 -0.00374225 -0.0531908 -0.0496663 0 0 0 
0.00272073 0.0208121 -0.0774494 -0.0452171 0 0 0 
0.00751233 0.0228639 -0.258262 -0.0442006 0 0 0 
0.00496026 -0.0254731 -0.0810602 -0.0429072 0 0 0 
0.00290461 0.000525104 -0.0301133 -0.0499532 0 0 0 
0.00356192 0.0241346 -0.0565908 -0.0435704 0 0 0 
0.00731367 0.0239026 -0.237744 -0.0436857 0 0 0 
0.00795652 -0.000158338 -0.286149 -0.0425574 0 0 0 
0.00313352 -0.0242078 -0.0521502 -0.0435342 0 0 0 
0.00377644 0.0197434 -0.0261695 -0.045747 0 0 0 
0.00718144 0.0212021 -0.211939 -0.0450241 0 0 0 
0.00286066 0.00153933 -0.00439097 -0.0498628 0 0 0 
0.00761783 -0.000276891 -0.265381 -0.0494963 0 0 0 
0.00310494 0.023146 -0.00478786 -0.0440603 0 0 0 
0.00769004 0.0238763 -0.18021 -0.0436985 0 0 0 
0.00338852 -0.00607436 0.0250705 -0.0494589 0 0 0 
0.00743796 0.0237458 -0.154784 -0.0437631 0 0 0 
0.00210757 0.0269453 0.0228877 -0.042049 0 0 0 
0.00228301 0.025944 0.0514177 -0.0426739 0 0 0 
0.00279998 0.020549 0.0752973 -0.0453478 0 0 0 
0.00270382 0.026907 0.105217 -0.0420795 0 0 0 
0.0038786 0.0243371 0.130763 -0.0419782 0 0 0 
0.00479177 -0.023307 0.0494637 -0.0439808 0 0 0 
0.0018955 0.0354619 -0.0793288 0.0352207 0 0 0 
0.00802891 0.0358104 -0.258053 0.0347829 0 0 0 
0.00761447 -0.0492518 -0.184051 0.00840235 0 0 0 
0.00384635 -0.0472817 0.0216123 -0.0158293 0 0 0 
0.00655244 -0.0193892 0.124478 -0.0455058 0 0 0 
0.0017164 0.0338621 -0.0249456 0.0365432 0 0 0 
0.00880672 0.033794 -0.234734 0.0365975 0 0 0 
0.00192541 0.0366017 0.000124246 0.0337886 0 0 0 
0.00760254 -0.0163688 0.155789 0.0302507 0 0 0 
0.00905328 0.0342068 -0.213237 0.0362689 0 0 0 
0.00207391 0.036411 0.0244917 0.0340282 0 0 0 
0.00806964 0.0348694 -0.186916 0.0357414 0 0 0 
0.00416162 0.0348173 0.100317 0.035783 0 0 0 
0.00491085 0.0356686 -0.157066 0.0349609 0 0 0 
0.00325303 0.0340053 -0.134558 0.0364292 0 0 0 
0.00211346 0.0347371 -0.104669 0.0358468 0 0 0 
0.00781958 -0.0343285 -0.211015 0.036172 0 0 0 
0.00454283 -0.0354882 0.0721603 0.0351876 0 0 0 
0.00613717 -0.0145746 -0.103359 -0.0476283 0 0 0 
0.00821155 -0.0352973 0.10383 0.0354009 0 0 0 
0.0031294 0.0494631 -0.121407 0.00602624 0 0 0 
0.00186124 0.0472046 0.00956793 -0.0161083 0 0 0 
0.00600791 0.0194976 0.161777 -0.0184814 0 0 0 
0.00823071 -0.031788 0.136899 0.0342695 0 0 0 
0.00244295 0.0495041 -0.0939368 0.00556502 0 0 0 
0.0058031 0.00144976 0.138991 -0.0459867 0 0 0 
0.00750893 0.0459288 -0.226872 -0.019377 0 0 0 
0.00794291 0.0195209 -0.302815 -0.0162476 0 0 0 
0.00810009 0.0494475 -0.224343 0.00620455 0 0 0 
0.00221072 0.0464313 -0.0491791 -0.0183631 0 0 0 
0.00172173 0.0490456 -0.0446896 0.00944491 0 0 0 
0.00786304 0.0467092 -0.177078 -0.0178026 0 0 0 
0.00326243 -0.0495793 0.0100256 0.00472198 0 0 0 
0.00839702 -0.0489159 -0.250387 0.0099143 0 0 0 
0.00167406 0.0352391 -0.0459299 0.0354472 0 0 0 
0.00295178 0.0104469 0.0302383 -0.0487687 0 0 0 
0.00697329 0.00758857 -0.205305 -0.0493242 0 0 0 
0.0038695 0.00879202 0.0598798 -0.0492172 0 0 0 
0.00398584 -0.0492339 -0.0201171 0.00860342 0 0 0 
0.00221656 0.0344327 0.0553004 0.036089 0 0 0 
0.00803218 -0.0493224 0.108743 0.00760944 0 0 0 
0.00637179 0.00544504 -0.120646 -0.0495148 0 0 0 
0.0068124 -0.0468158 -0.174352 -0.0175159 0 0 0 
0.00819443 -0.0173939 -0.276775 -0.043711 0 0 0 
0.00734268 0.0305785 -0.276982 0.0351957 0 0 0 
0.00274324 0.00699216 -0.0675316 -0.0493772 0 0 0 
0.00771653 -0.0170575 -0.173479 -0.0469424 0 0 0 
0.00288057 0.0444639 -0.0704868 -0.0223314 0 0 0 
0.00286252 0.019254 -0.0940839 -0.0459896 0 0 0 
0.00675649 0.044817 0.138937 0.0103006 0 0 0 
0.0036363 -0.0340414 -0.0199907 0.0364005 0 0 0 
0.00295031 -0.00927938 0.00826119 -0.0490913 0 0 0 
0.00686856 -0.040904 0.140287 -0.019395 0 0 0 
0.00784856 0.0176436 -0.276302 -0.0437224 0 0 0 
0.00538871 -0.0106327 0.086471 -0.0487174 0 0 0 
0.00762078 -0.0111762 -0.252342 -0.0485673 0 0 0 
0.00775134 0.0441791 -0.19821 -0.0229068 0 0 0 
0.00343552 0.0457817 -0.0918992 -0.0196734 0 0 0 
0.00501401 -0.0158626 0.0675656 -0.0472725 0 0 0 
0.00753847 -0.0467849 -0.219959 -0.0176278 0 0 0 
0.0039168 0.00882027 0.0913787 -0.0492147 0 0 0 
0.00789317 -0.0432812 0.143308 0.00765283 0 0 0 
0.00817909 -0.0219568 -0.300889 -0.0177211 0 0 0 
0.00247426 -0.0354798 0.0159438 0.0351982 0 0 0 
0.00748633 -0.0353138 -0.117322 0.0353878 0 0 0 
0.00457804 0.0119614 0.117211 -0.0483504 0 0 0 
0.00493845 0.0393413 0.143417 -0.0193269 0 0 0 
0.00770094 -0.0348179 -0.0909055 0.0357825 0 0 0 
0.00591069 -0.00822406 0.166409 -0.0163342 0 0 0 
0.00559729 -0.035608 -0.0628024 0.0350371 0 0 0 
0.00754073 0.011813 -0.170875 -0.0483913 0 0 0 
0.00771136 -0.0322519 -0.136077 0.0378247 0 0 0 
0.00791342 -0.0321758 -0.265873 0.0373298 0 0 0 
0.00266475 -0.029933 0.0533698 0.0396707 0 0 0 
0.00235205 0.0482271 0.0750582 0.0124073 0 0 0 
0.00249321 0.0275129 0.0719887 0.0415971 0 0 0 
0.00799826 -0.0303732 -0.183202 0.0393203 0 0 0 
0.00272874 -0.0240565 -0.00146414 0.0436091 0 0 0 
0.00793151 0.0202172 0.130748 0.044048 0 0 0 
0.00791903 -0.0316599 -0.157759 0.038296 0 0 0 
0.00754052 -0.0483084 -0.108629 0.0121131 0 0 0 
0.0079734 -0.0206495 -0.28525 0.0375438 0 0 0 
0.00757099 0.0476674 -0.254071 -0.0144334 0 0 0 
0.00794387 -0.00309507 -0.30808 0.0119307 0 0 0 
0.00800434 0.0238639 -0.255603 0.043705 0 0 0 
0.00315131 0.027174 0.0883401 0.0418669 0 0 0 
0.0039034 -0.0297885 -0.042565 0.0397856 0 0 0 
0.00752343 0.0311397 -0.202142 -0.0387102 0 0 0 
0.00371444 -0.0478907 -0.0210108 -0.0136249 0 0 0 
0.00379066 -0.0478675 0.00671677 -0.0137088 0 0 0 
0.00534448 -0.0476405 0.0573128 -0.0145307 0 0 0 
0.00231248 0.0298339 0.0857239 -0.0397496 0 0 0 
0.00661435 0.0098527 0.165931 0.0166132 0 0 0 
0.00312887 0.0340631 -0.0194584 -0.0363832 0 0 0 
0.00710185 -0.0351847 -0.095597 -0.0354905 0 0 0 
0.00341928 -0.0358681 -0.0419281 -0.0347103 0 0 0 
0.00814262 -0.025493 -0.299699 0.016365 0 0 0 
0.00766276 0.0242609 -0.300947 0.014611 0 0 0 
0.00748778 -0.0315834 -0.245217 0.0383572 0 0 0 
0.0051721 0.0479709 0.114495 0.0133347 0 0 0 
0.0054214 -0.028865 0.063222 -0.0405208 0 0 0 
0.00619098 0.0271804 0.115995 0.0418619 0 0 0 
0.00194541 0.0485705 -0.0653765 0.0111643 0 0 0 
0.00819863 -0.0452692 -0.274068 -0.0148234 0 0 0 
0.00393126 -0.0489099 0.0396717 -0.00993582 0 0 0 
0.00571353 0.0328636 -0.137801 -0.0373379 0 0 0 
0.00596293 -0.0477439 -0.0647005 0.0141561 0 0 0 
0.0074014 -0.0478025 -0.163068 0.0139442 0 0 0 
0.00584378 -0.0190053 0.142301 -0.0400623 0 0 0 
0.00801784 -0.0168126 0.14361 0.0404945 0 0 0 
0.00782838 0.0448881 -0.275236 -0.0150364 0 0 0 
0.00786512 0.0169315 0.148266 0.0371246 0 0 0 
0.0022955 0.00627817 0.0340228 0.0494408 0 0 0 
0.00712245 -0.0384764 -0.174423 -0.0314333 0 0 0 
0.00773274 -0.0111882 -0.250209 0.048564 0 0 0 
0.00316634 -0.0380839 -0.017899 -0.0319263 0 0 0 
0.00803189 0.0138712 -0.195219 0.0478227 0 0 0 
0.00154969 0.0469425 0.0348961 -0.0170572 0 0 0 
0.00246949 0.0363259 -0.119492 0.0341351 0 0 0 
0.00740947 -0.044051 0.0870338 -0.0231656 0 0 0 
0.00343122 0.0119008 -0.0426205 -0.048367 0 0 0 
0.00810466 -0.0492996 -0.222343 0.0078654 0 0 0 
0.00705236 -0.0152157 -0.196503 -0.0474512 0 0 0 
0.00743969 -0.0325105 -0.228967 0.0376191 0 0 0 
0.0028593 -0.047844 0.0337685 0.0137941 0 0 0 
0.00295521 0.0319744 -0.0953774 -0.0380456 0 0 0 
0.00373544 -0.0474481 0.0549887 0.0152271 0 0 0 
0.00406925 0.0283049 -0.0418626 -0.0409667 0 0 0 
0.00685929 -0.0333067 -0.199346 -0.0369853 0 0 0 
0.00297865 0.0246913 -0.115045 0.0432946 0 0 0 
0.00214704 0.0324442 0.0651901 -0.0376718 0 0 0 
0.00739063 0.032254 -0.222518 -0.0378233 0 0 0 
0.00690109 0.00839852 -0.148261 0.0492522 0 0 0 
0.00722944 -0.0393705 -0.143305 -0.03031 0 0 0 
0.00155122 0.0491027 0.0564507 0.00923805 0 0 0 
0.00222795 0.0469509 0.0848285 -0.0170269 0 0 0 
0.00283052 0.00949592 0.00866353 -0.0490315 0 0 0 
0.00696355 -0.0445556 -0.203884 -0.0221473 0 0 0 
0.0062198 -0.0465038 -0.0696858 -0.0182169 0 0 0 
0.00466571 -0.0487962 -0.0492187 0.0103476 0 0 0 
0.00778534 0.0106983 -0.147408 -0.0486993 0 0 0 
0.00765752 -0.0490445 -0.090804 0.00944865 0 0 0 
0.0032467 -0.0179287 -0.0655248 -0.0466467 0 0 0 
0.00266777 -0.0128303 -0.0118912 -0.0481102 0 0 0 
0.00550724 0.0449764 -0.143894 -0.0212977 0 0 0 
0.00723483 0.0129825 -0.190595 -0.0480682 0 0 0 
0.00221386 -0.0296025 0.0294255 0.0399337 0 0 0 
0.00772783 -0.0356818 -0.12149 -0.0349443 0 0 0 
0.0071868 0.0161698 -0.27894 0.0431226 0 0 0 
0.00822494 -0.0303689 -0.273317 -0.0368998 0 0 0 
0.0043 0.0475138 -0.14319 0.0149892 0 0 0 
0.00459869 -0.0332314 0.0386557 -0.0370452 0 0 0 
0.00789276 0.00662773 -0.297277 -0.0321503 0 0 0 
0.00729798 0.00432391 -0.249574 -0.049615 0 0 0 
0.00235732 0.0250007 -0.0939897 0.0431413 0 0 0 
0.00740719 0.03599 -0.251876 -0.0345572 0 0 0 
0.00660087 -0.0149481 0.11008 -0.0475252 0 0 0 
0.00734436 0.00046401 -0.291666 0.0382465 0 0 0 
0.00208487 0.0347089 0.0112048 -0.0358693 0 0 0 
0.00695525 -0.04877 0.0874268 0.0104422 0 0 0 
0.00705923 0.0109971 -0.223949 -0.0486167 0 0 0 
0.00671775 -0.04761 -0.151608 -0.0146409 0 0 0 
0.00732833 -0.0484565 -0.145034 0.011577 0 0 0 
0.00696259 -0.0499652 -0.17117 0.000389984 0 0 0 
