77 0 0 1
1.8255e-19 -0.014 -0.04 0 0 0 -0.5 0.5 0.5 0.5 0 0 0 
0.00308498 0.025 -0.0146593 -0.0931738 0 0 0 
0.00232953 0.025 -0.0157783 0.0160716 0 0 0 
0.00255014 0.025 -0.0154055 -0.0367639 0 0 0 
0.00213292 0.025 -0.0146522 -0.0658952 0 0 0 
0.00300043 0.025 -0.00807307 -0.0104771 0 0 0 
0.00255491 -0.025 -0.0130179 -0.0879443 0 0 0 
0.00158575 -0.025 -0.0103359 -0.0108068 0 0 0 
0.00255358 -0.025 -0.00844505 -0.037169 0 0 0 
0.00292024 -0.025 -0.0129787 -0.0684483 0 0 0 
0.00166188 -0.025 -0.00940276 0.0139289 0 0 0 
0.00286055 -0.00474625 -0.034 -0.0938583 0 0 0 
0.00151205 -0.00268378 -0.034 0.0131093 0 0 0 
0.0024379 -0.00620581 -0.034 -0.0384319 0 0 0 
0.0023331 0.0249394 -0.034 -0.0129763 0 0 0 
0.00273584 -0.001408 -0.034 -0.0637795 0 0 0 
0.0025347 0.025 -0.0336056 0.0140016 0 0 0 
0.00146901 -0.00527338 -0.034 -0.0103581 0 0 0 
0.00242834 0.0234268 -0.034 -0.0656872 0 0 0 
0.00232695 0.025 -0.0335533 -0.0410981 0 0 0 
0.00260017 -0.0212248 -0.034 -0.0430198 0 0 0 
0.00161089 -0.01966 -0.034 0.0150826 0 0 0 
0.00244448 0.00936153 -0.034 -0.0419129 0 0 0 
0.00317806 -0.022263 -0.034 -0.0676569 0 0 0 
0.00293691 0.0141913 -0.034 -0.0895726 0 0 0 
0.00249965 -0.00486624 0.006 -0.0907703 0 0 0 
0.00159011 -0.00742907 0.006 0.0142701 0 0 0 
0.00261416 0.025 0.00559508 0.010629 0 0 0 
0.00282724 0.0212412 0.006 -0.0386297 0 0 0 
0.00252428 -0.00416335 0.006 -0.0428747 0 0 0 
0.00235422 -0.00529119 0.006 -0.062957 0 0 0 
0.00340041 0.0234818 0.006 -0.0164676 0 0 0 
0.00202996 0.000460849 0.006 -0.0140557 0 0 0 
0.00356884 0.025 0.00374177 -0.09296 0 0 0 
0.0022359 0.0201153 0.006 -0.0661178 0 0 0 
0.00174357 -0.0248946 0.006 -0.0137167 0 0 0 
0.00271709 -0.0230193 0.006 -0.0920633 0 0 0 
0.00283622 -0.0221222 0.006 -0.0678104 0 0 0 
0.00170507 -0.0231294 0.006 0.0128825 0 0 0 
0.00270413 -0.0236095 0.006 -0.0389038 0 0 0 
0.00257279 0.0112221 0.006 -0.0878741 0 0 0 
0.00373275 0.000180822 -0.0133482 -0.1125 0 0 0 
0.00486907 0.0183784 -0.0126896 -0.1125 0 0 0 
0.00303536 -0.025 -0.0122865 -0.10516 0 0 0 
0.00395533 -0.00268378 -0.0286508 -0.1125 0 0 0 
0.00611376 0.025 -0.0275254 -0.112013 0 0 0 
0.00360311 -0.0187768 -0.034 -0.107743 0 0 0 
0.00461858 0.00836895 0.000385386 -0.1125 0 0 0 
0.0014276 -0.025 -0.0314567 -0.00322392 0 0 0 
0.00220051 0.0140717 -0.034 0.023975 0 0 0 
0.00223977 0.0180452 -0.034 -0.027853 0 0 0 
0.00187387 0.0134685 -0.034 -0.00323245 0 0 0 
0.00248409 0.025 -0.0220727 -0.00359619 0 0 0 
0.00397743 -0.025 0.00106177 -0.112356 0 0 0 
0.00334668 -0.0103232 0.006 -0.105022 0 0 0 
0.00245841 0.0145208 0.006 -0.00268065 0 0 0 
0.00181363 -0.00130231 -0.0105714 0.0325 0 0 0 
0.00241428 0.0197037 -0.00877067 0.0325 0 0 0 
0.00178724 -0.025 -0.0115483 0.0308992 0 0 0 
0.00183758 -0.00666751 -0.0301929 0.0325 0 0 0 
0.00149365 -0.0177587 -0.034 -0.018853 0 0 0 
0.00182884 -0.0012662 0.006 0.0287188 0 0 0 
0.00252895 0.025 -0.0233758 -0.0212599 0 0 0 
0.00298448 -0.025 -0.0188849 -0.0480393 0 0 0 
0.00297638 -0.025 -0.0338656 -0.0890297 0 0 0 
0.00184996 -0.025 -0.0216777 -0.0277865 0 0 0 
0.00197009 0.0105094 0.006 0.0183138 0 0 0 
0.00163092 -0.0108253 0.006 -0.00111605 0 0 0 
0.00227509 0.0120301 0.006 -0.0529822 0 0 0 
0.00187094 -0.0242241 0.00569148 0.0325 0 0 0 
0.00243819 0.025 -0.00332459 -0.0497001 0 0 0 
0.00300368 0.025 -0.0336814 0.0303409 0 0 0 
0.00654042 0.0240629 0.006 -0.109454 0 0 0 
0.002471 0.0058066 0.006 -0.0305749 0 0 0 
0.00245771 0.025 -0.0258488 -0.077399 0 0 0 
0.00189388 -0.025 -0.027164 0.0307125 0 0 0 
0.00210711 0.00937584 -0.0230775 0.0325 0 0 0 
0.00412777 0.0134578 -0.034 -0.106559 0 0 0 
