347 0 0 1
-5.76392e-19 -0.04 -3.83328e-18 0 0 0 0.5 0.5 -0.5 -0.5 0 0 0 
0.0033517 0.000750267 -0.101119 0.0499331 0 0 0 
0.00799233 -0.026016 -0.230939 -0.0289249 0 0 0 
0.00353024 0.0499114 -0.0499313 -0.000993252 0 0 0 
0.00219069 0.0499199 0.0576682 0.000898765 0 0 0 
0.00415149 0.00094609 0.0843024 0.0499156 0 0 0 
0.00663019 0.0237314 0.163675 0.00103828 0 0 0 
0.00309491 0.0455088 -0.0470837 0.0202236 0 0 0 
0.00277898 -0.0039265 -0.071677 0.04965 0 0 0 
0.00251738 0.0453675 0.0589157 0.0205091 0 0 0 
0.00488577 -0.000882625 0.107653 0.0499214 0 0 0 
0.00662734 0.0206146 0.160674 0.0195128 0 0 0 
0.00790501 -0.0298186 -0.232459 0.0230688 0 0 0 
0.00206692 0.0494607 -0.0170882 -0.00605276 0 0 0 
0.0030083 -0.0066634 -0.0501687 0.0494064 0 0 0 
0.00306434 0.0497455 0.0841421 -0.00285659 0 0 0 
0.00571708 -0.00506422 0.138626 0.0458279 0 0 0 
0.0084228 0.0494603 -0.200231 -0.00583117 0 0 0 
0.00521227 -0.0311354 0.158176 -0.00560933 0 0 0 
0.0019142 0.0494097 0.0064215 -0.00662718 0 0 0 
0.00317248 0.0453259 0.0870649 0.0205933 0 0 0 
0.00213837 -0.00498316 -0.0185455 0.0495558 0 0 0 
0.00806462 0.0452803 -0.203805 0.0199734 0 0 0 
0.00548838 -0.00331321 0.15837 -0.0311649 0 0 0 
0.00759661 -0.000718921 -0.200858 0.0498598 0 0 0 
0.00222417 0.0453755 0.00410621 0.0204927 0 0 0 
0.00183397 -0.00605646 0.00268313 0.0494604 0 0 0 
0.00426391 0.0498906 0.111789 0.00122895 0 0 0 
0.00721845 0.0494679 -0.177895 -0.00597502 0 0 0 
0.00789322 -0.00319649 -0.177917 0.0497153 0 0 0 
0.00159042 0.0499694 0.0306983 0.00034344 0 0 0 
0.00204353 -0.00049243 0.0327916 0.0499561 0 0 0 
0.00602822 0.000103379 0.164666 0.021905 0 0 0 
0.00548643 0.0474758 0.133326 -0.00553892 0 0 0 
0.00513826 0.0496784 -0.148645 -0.00360984 0 0 0 
0.00821088 -0.00402043 -0.154524 0.0496419 0 0 0 
0.00314823 -0.000898878 0.056565 0.0499199 0 0 0 
0.00828073 0.0246272 -0.229491 -0.0315251 0 0 0 
0.00600079 0.0453789 -0.154504 0.0204863 0 0 0 
0.00550763 0.000589507 -0.126034 0.0499474 0 0 0 
0.00657104 0.0193642 -0.146424 0.045935 0 0 0 
0.00791809 0.0196944 -0.173969 0.0457715 0 0 0 
0.00455675 0.0193892 -0.125908 0.0459225 0 0 0 
0.00407378 0.0200075 -0.0949609 0.045616 0 0 0 
0.00406788 0.0496335 -0.125045 -0.00411387 0 0 0 
0.00177551 0.0204259 -0.0247389 0.0454086 0 0 0 
0.00412575 0.0458372 -0.12234 0.0195613 0 0 0 
0.0019124 0.0202288 0.0331523 0.0455063 0 0 0 
0.00574849 0.0494139 -0.100957 -0.00657931 0 0 0 
0.00542477 0.0455006 -0.10174 0.0202403 0 0 0 
0.00282691 0.0202692 0.0598879 0.0454864 0 0 0 
0.00745645 0.0497267 -0.0737107 -0.00306579 0 0 0 
0.00479051 0.0204577 0.105673 0.0453932 0 0 0 
0.00615793 0.0455169 -0.0685353 0.0202073 0 0 0 
0.00862462 -0.0419395 -0.22683 -0.00200733 0 0 0 
0.00343473 -0.0439233 0.00115054 0.0234225 0 0 0 
0.00723175 -0.0445928 -0.154092 0.0220722 0 0 0 
0.00539183 -0.0452092 0.0862931 0.0208288 0 0 0 
0.0078931 -0.0435934 -0.199673 -0.0240891 0 0 0 
0.00782886 0.0337118 -0.226928 0.0245554 0 0 0 
0.00266355 -0.042703 0.0288163 -0.0258854 0 0 0 
0.00636165 -0.0427161 -0.12025 -0.0258588 0 0 0 
0.00667485 -0.0419199 0.107752 -0.0271075 0 0 0 
0.00820591 -0.0492284 -0.202982 -0.00569152 0 0 0 
0.00226171 -0.0499116 0.0314565 -0.000991376 0 0 0 
0.00549902 0.036268 0.13396 -0.0309345 0 0 0 
0.00727815 -0.049498 -0.128657 -0.0056351 0 0 0 
0.00736851 -0.0498088 0.107946 -0.00214717 0 0 0 
0.00783299 -0.0417985 -0.205392 0.0265798 0 0 0 
0.00254583 -0.0419094 0.0294817 0.0271207 0 0 0 
0.00676534 -0.042777 -0.12289 0.025736 0 0 0 
0.00574605 -0.0420299 0.107695 0.0269693 0 0 0 
0.00811564 -0.0418271 -0.172974 -0.0272241 0 0 0 
0.00280486 -0.0416139 -0.0699387 0.0274918 0 0 0 
0.00222925 -0.0414438 0.0543411 -0.0277055 0 0 0 
0.00497983 -0.0433334 -0.0997701 -0.024613 0 0 0 
0.00845921 -0.0495236 -0.179658 -0.00534986 0 0 0 
0.00215668 -0.0497371 0.0594909 -0.00295062 0 0 0 
0.00606344 -0.0471121 0.135955 -0.00150048 0 0 0 
0.00285447 -0.0416929 -0.0501293 -0.0273926 0 0 0 
0.00521094 -0.04985 -0.0986887 0.00168225 0 0 0 
0.00767423 -0.0440314 -0.175149 0.0232051 0 0 0 
0.00297196 -0.0445784 0.0600686 0.0221012 0 0 0 
0.0026557 -0.0499633 -0.0432228 -0.000411707 0 0 0 
0.00501 -0.0432697 0.131684 0.0212342 0 0 0 
0.00455817 -0.0442856 -0.0983835 0.0226916 0 0 0 
0.00831637 -0.0423179 -0.152849 -0.0266076 0 0 0 
0.00312249 -0.0418578 0.081505 -0.0271855 0 0 0 
0.00283446 -0.0442916 -0.0436439 0.022679 0 0 0 
0.0081294 -0.0495635 -0.151916 -0.00490018 0 0 0 
0.0033655 -0.0423209 -0.0699297 -0.0266038 0 0 0 
0.00426966 -0.0495137 0.0866629 -0.00546019 0 0 0 
0.00827969 -0.0182854 -0.17262 0.0464699 0 0 0 
0.00336827 -0.0425293 -0.0239712 -0.0262359 0 0 0 
0.00328079 -0.049924 -0.0733804 0.000852921 0 0 0 
0.00361082 -0.0498595 -0.0193124 0.00157627 0 0 0 
0.00573836 -0.0193838 -0.121303 0.0459253 0 0 0 
0.0033828 -0.0438234 -0.0241232 0.023624 0 0 0 
0.00347457 -0.0430489 0.0016627 -0.0251873 0 0 0 
0.00236942 -0.0178029 0.0336841 0.0467091 0 0 0 
0.00299629 -0.0499178 0.00911442 0.000922083 0 0 0 
0.00346032 -0.0160679 0.0577412 0.0472158 0 0 0 
0.00469704 -0.0186082 0.0850912 0.0463098 0 0 0 
0.00471686 -0.0184965 0.108464 0.0463653 0 0 0 
0.00535624 -0.0184886 0.160707 0.0215562 0 0 0 
0.00179674 0.0447694 0.0317522 0.0217155 0 0 0 
0.00575961 0.0407229 -0.0710215 -0.0286111 0 0 0 
0.00164484 0.0116422 0.0088395 0.0484385 0 0 0 
0.00219375 0.0389514 0.0601591 -0.0308366 0 0 0 
0.00755497 -0.037551 0.135424 -0.0287161 0 0 0 
0.00317436 0.0435075 -0.0504621 -0.0242615 0 0 0 
0.00335635 0.011965 -0.0719612 0.0483493 0 0 0 
0.00345071 0.0427085 0.0828088 -0.0258742 0 0 0 
0.00200903 0.0435949 -0.022566 -0.0240852 0 0 0 
0.00258362 0.0147993 -0.0486928 0.0475662 0 0 0 
0.00548858 0.0126675 0.160723 -0.0257756 0 0 0 
0.00502256 0.0421193 0.107245 -0.026857 0 0 0 
0.0021686 0.0427188 -0.0180556 0.0258533 0 0 0 
0.00439677 0.043275 0.111628 0.0247315 0 0 0 
0.00879804 0.0429047 -0.225415 0.00033515 0 0 0 
0.00745472 0.0431472 -0.174726 -0.024989 0 0 0 
0.00207441 0.038533 0.00158455 -0.031362 0 0 0 
0.00610613 0.0406373 0.138315 0.0218606 0 0 0 
0.00823996 0.0397826 -0.205252 -0.0291413 0 0 0 
0.00740061 0.0432258 -0.17236 0.0248305 0 0 0 
0.00145642 0.0407441 0.0296589 -0.0285845 0 0 0 
0.00579602 0.0419338 -0.148522 -0.0270901 0 0 0 
0.00406427 0.0430866 -0.124686 -0.025111 0 0 0 
0.0050653 0.0414782 -0.0965309 -0.0276623 0 0 0 
0.00844897 -0.0255659 -0.242655 -0.00227396 0 0 0 
0.00253904 -0.00333633 -0.0341375 0.0497025 0 0 0 
0.0057735 -0.00440362 0.169291 -0.00357058 0 0 0 
0.00384223 0.0199125 0.0885466 0.0456633 0 0 0 
0.00856703 -0.0022238 -0.242556 -0.0257745 0 0 0 
0.00817072 0.0236572 -0.243304 -0.00553289 0 0 0 
0.00534768 0.0276335 0.147403 -0.0309217 0 0 0 
0.00844195 -0.00333773 -0.249218 -0.00545566 0 0 0 
0.00756386 0.0198513 -0.193166 0.0456938 0 0 0 
0.00782943 -0.00260493 -0.245207 0.0203489 0 0 0 
0.00758339 -0.00285536 -0.217687 0.0464987 0 0 0 
0.00223092 -0.0197519 0.0150093 0.0457428 0 0 0 
0.00339326 0.00955047 0.0697375 0.0490164 0 0 0 
0.00796968 -0.0168331 -0.193265 0.0470044 0 0 0 
0.00552459 0.0103998 0.118794 0.0487818 0 0 0 
0.00822884 -0.0195698 -0.14562 0.0458331 0 0 0 
0.0028435 -0.0182034 -0.0894898 0.0465105 0 0 0 
0.00283752 -0.019017 -0.0650372 0.0461071 0 0 0 
0.00319507 -0.0176046 -0.0400439 0.0467913 0 0 0 
0.00796222 -0.0370532 -0.215389 -0.0293441 0 0 0 
0.00630483 0.0421173 -0.087722 0.0268595 0 0 0 
0.00174836 0.0185318 -0.00772233 0.0463477 0 0 0 
0.00768376 0.015032 -0.243022 0.0198014 0 0 0 
0.00610631 -0.027711 0.151503 -0.0265369 0 0 0 
0.00753609 0.0455987 -0.187878 0.0200432 0 0 0 
0.0027379 -0.049503 -0.0591227 -0.00557742 0 0 0 
0.00493022 -0.0154737 0.126193 0.046827 0 0 0 
0.0063253 0.0390159 0.149999 -0.00619151 0 0 0 
0.00757356 0.0119969 -0.210533 0.0470366 0 0 0 
0.00444429 0.0193783 -0.07415 -0.0459279 0 0 0 
0.00732549 -0.0240549 -0.19806 -0.0436103 0 0 0 
0.00670599 -0.00278291 0.131387 -0.0482587 0 0 0 
0.00323973 -0.0250293 0.0312537 -0.0431271 0 0 0 
0.00844598 0.000241029 -0.153476 -0.0499785 0 0 0 
0.00213794 0.0490019 -0.0238441 0.00960317 0 0 0 
0.00244073 0.0237698 -0.0456757 -0.0437512 0 0 0 
0.0073648 -0.0274234 -0.17462 -0.0416684 0 0 0 
0.00272168 -0.0252907 0.0564933 -0.0429976 0 0 0 
0.00217422 0.0468414 0.0609092 -0.0174231 0 0 0 
0.00769528 0.0201001 -0.205225 -0.0450846 0 0 0 
0.00640809 -0.00477962 -0.128571 -0.0495742 0 0 0 
0.00811509 -0.0240819 -0.148419 -0.0435967 0 0 0 
0.0030645 -0.0270693 0.0816067 -0.0419503 0 0 0 
0.0082086 0.0214195 -0.174068 -0.0449164 0 0 0 
0.00186634 0.0244937 -0.0225358 -0.0433925 0 0 0 
0.00474731 -0.000719757 -0.101385 -0.0499358 0 0 0 
0.00610612 -0.026393 0.112898 -0.0424515 0 0 0 
0.00481319 -0.0273737 -0.100529 -0.0417079 0 0 0 
0.0075668 0.0230994 -0.150214 -0.0440837 0 0 0 
0.00411637 -0.00156711 -0.0724377 -0.0498603 0 0 0 
0.00169404 0.0247419 0.00536882 -0.0432695 0 0 0 
0.00375707 -0.0258871 -0.0733234 -0.0427021 0 0 0 
0.00470982 0.0261231 -0.121111 -0.0425852 0 0 0 
0.0028378 -0.00577675 -0.0428685 -0.0494853 0 0 0 
0.0046568 -0.0310537 0.133562 0.0362924 0 0 0 
0.00145148 0.0244331 0.0298612 -0.0434225 0 0 0 
0.00310481 -0.0264352 -0.0494963 -0.0424305 0 0 0 
0.00469226 0.0254479 -0.0955144 -0.0429197 0 0 0 
0.00217092 -0.00643706 -0.0201422 -0.0494266 0 0 0 
0.00203813 0.0258016 0.0544034 -0.0427445 0 0 0 
0.0030892 -0.0252033 -0.0204559 -0.0430409 0 0 0 
0.00501184 -0.0305962 0.157605 0.010291 0 0 0 
0.00178543 -0.000508333 0.00828481 -0.0499547 0 0 0 
0.00333656 0.0230615 0.0791489 -0.0441025 0 0 0 
0.00335175 -0.0246036 0.0060407 -0.043338 0 0 0 
0.00809072 -3.55581e-05 -0.227495 -0.0416073 0 0 0 
0.00234479 -0.00380877 0.0335602 -0.0496606 0 0 0 
0.00626775 0.0211677 0.112881 -0.0450413 0 0 0 
0.00738167 -0.000159111 -0.206334 -0.0494219 0 0 0 
0.00320491 -0.00274677 0.0865082 -0.0497553 0 0 0 
0.00648051 0.0276744 0.139624 0.036156 0 0 0 
0.00736082 0.000882314 -0.180092 -0.0499214 0 0 0 
0.00800458 -0.0487842 -0.203319 0.00930317 0 0 0 
0.00587993 0.0355006 -0.0762933 0.035172 0 0 0 
0.00832017 0.0362003 -0.226762 -0.0208808 0 0 0 
0.00222496 0.0338095 0.00678926 0.036585 0 0 0 
0.00749652 0.0347291 -0.201578 0.0357058 0 0 0 
0.00253266 0.0359056 0.0548365 0.0346632 0 0 0 
0.00756817 -0.0198659 -0.228848 0.0351167 0 0 0 
0.00627542 0.0353084 -0.15133 0.0353921 0 0 0 
0.0032866 0.0357425 0.083523 0.0348682 0 0 0 
0.0042052 0.0343929 -0.128664 0.0361207 0 0 0 
0.00231476 0.00588332 0.0534415 -0.0494759 0 0 0 
0.00534909 0.00563401 0.108034 -0.0494983 0 0 0 
0.00830041 -0.0388795 -0.225917 -0.0172377 0 0 0 
0.0031863 -0.0339037 0.054669 0.0365101 0 0 0 
0.00527647 -0.0357417 0.0849213 0.0348691 0 0 0 
0.00614951 0.0142385 0.133178 -0.0456765 0 0 0 
0.00550788 -0.0139377 0.163269 -0.0199296 0 0 0 
0.0075961 0.0150182 -0.232404 0.0347308 0 0 0 
0.00185333 0.0491973 0.0128429 0.00889589 0 0 0 
0.00164537 0.0473106 0.0439276 -0.0157246 0 0 0 
0.00785319 -0.00655715 -0.167028 -0.0494161 0 0 0 
0.00263764 -0.00517957 0.0683738 -0.0495386 0 0 0 
0.00386644 0.0472248 0.0954136 -0.0160354 0 0 0 
0.00596462 -0.00308528 0.147002 -0.0416959 0 0 0 
0.00224785 -0.0465404 0.0662001 -0.018143 0 0 0 
0.0041548 0.0359977 -0.112303 0.0345474 0 0 0 
0.0051709 -0.0200149 0.147491 0.0360896 0 0 0 
0.00624351 -0.0492397 0.0957376 0.00853838 0 0 0 
0.00423918 0.0357834 -0.0602812 0.0348167 0 0 0 
0.00738592 -0.0491759 -0.14058 0.00897332 0 0 0 
0.00655518 -0.0492028 0.12048 0.00847465 0 0 0 
0.0021883 0.0344005 -0.0379153 0.0361147 0 0 0 
0.00544318 -0.0167439 0.166443 0.00658045 0 0 0 
0.00829556 -0.0206038 -0.241957 -0.016999 0 0 0 
0.00784618 -0.0166315 -0.220066 -0.0424215 0 0 0 
0.00583316 -0.0208146 -0.11881 -0.045216 0 0 0 
0.00779102 -0.0351482 -0.219153 0.0292761 0 0 0 
0.00446607 -0.0109111 -0.0895435 -0.0486405 0 0 0 
0.00512204 0.0452216 0.120583 -0.0206958 0 0 0 
0.00808456 -0.0350818 -0.190182 0.0355725 0 0 0 
0.00502977 0.0117327 -0.117344 -0.0484135 0 0 0 
0.00360675 -0.0139279 -0.0625476 -0.0478069 0 0 0 
0.00747413 -0.0341104 -0.142031 0.0363456 0 0 0 
0.00167366 0.0438498 0.0158349 -0.0235709 0 0 0 
0.00168656 0.0119001 -0.0117989 -0.0483672 0 0 0 
0.00324934 -0.034337 -0.0341673 0.0361652 0 0 0 
0.00336639 -0.0365589 -0.010931 0.0338424 0 0 0 
0.00856148 0.0160341 -0.242051 -0.0211977 0 0 0 
0.00451626 0.0184424 0.0950489 -0.046392 0 0 0 
0.00683774 0.0464964 -0.0837982 -0.0182318 0 0 0 
0.00770127 0.0465883 -0.188508 -0.0180466 0 0 0 
0.00639836 0.0471533 -0.16021 -0.0162943 0 0 0 
0.00763479 -0.00250869 -0.23473 0.0356199 0 0 0 
0.00212868 0.0467592 -0.00427095 -0.0177019 0 0 0 
0.00435751 0.0453098 -0.110105 -0.0206252 0 0 0 
0.00593692 -0.00461611 0.153524 0.0363811 0 0 0 
0.00787428 0.0271406 -0.240322 0.0104531 0 0 0 
0.00220944 -0.0492161 0.0491947 0.00880423 0 0 0 
0.00334403 -0.0494902 0.0759193 0.00572431 0 0 0 
0.0055295 0.0335994 0.122451 0.0365205 0 0 0 
0.00757658 0.0339429 -0.183255 0.036479 0 0 0 
0.00570547 -0.0469333 0.0976581 -0.0170905 0 0 0 
0.0078459 -0.0454434 0.123105 -0.0197761 0 0 0 
0.00341484 0.0103274 -0.0591268 -0.0488017 0 0 0 
0.00207816 0.00675874 -0.0317695 -0.049398 0 0 0 
0.00433319 -0.00798178 0.100859 -0.0492893 0 0 0 
0.00151424 0.0128438 0.0206313 -0.0481065 0 0 0 
0.0019413 0.0369934 0.0226645 0.0332964 0 0 0 
0.00315491 -0.0391266 -0.0846708 0.0306163 0 0 0 
0.00704723 -0.0144981 -0.18681 -0.0476495 0 0 0 
0.00654532 0.0120221 0.151554 0.0363486 0 0 0 
0.00284979 -0.0116129 0.0482149 -0.0484466 0 0 0 
0.00282523 -0.0303367 0.0043917 0.0393492 0 0 0 
0.00727039 -0.0240043 0.139095 -0.0391599 0 0 0 
0.00306656 -0.0220308 -0.0248085 0.0446129 0 0 0 
0.00636998 -0.0331212 -0.122869 -0.0371328 0 0 0 
0.00260452 -0.0313134 0.039345 0.0385718 0 0 0 
0.00426875 -0.0296367 0.0700248 0.0399066 0 0 0 
0.00443042 0.0477744 -0.13844 0.0140461 0 0 0 
0.00771074 -0.0201782 -0.215513 0.0427 0 0 0 
0.0061342 -0.0481765 -0.11384 -0.0125904 0 0 0 
0.00456925 0.035058 0.0927069 -0.0355914 0 0 0 
0.00367674 -0.0479629 -0.0077678 -0.0133633 0 0 0 
0.00407679 0.0299476 -0.0637798 -0.0396589 0 0 0 
0.00278781 -0.0478338 0.014425 -0.0138307 0 0 0 
0.00202726 0.0329107 -0.0158971 0.0373004 0 0 0 
0.00576199 0.0326719 -0.140763 -0.0374906 0 0 0 
0.00801636 -0.0178788 -0.243056 0.0176129 0 0 0 
0.0080403 -0.0333737 -0.167758 0.036932 0 0 0 
0.00303614 -0.0349954 -0.0335528 -0.0356412 0 0 0 
0.00470179 -0.0327743 0.118162 0.0374092 0 0 0 
0.00250129 -0.0357864 0.0691869 -0.0348129 0 0 0 
0.00498094 -0.0412547 0.145718 0.0108977 0 0 0 
0.00404792 0.0238803 -0.109802 0.0436964 0 0 0 
0.00470839 -0.0321177 0.0989575 -0.0379318 0 0 0 
0.00311679 -0.0266907 -0.0524027 0.0422517 0 0 0 
0.00505553 -0.0311296 0.101862 0.0387184 0 0 0 
0.00505833 0.0480919 0.125135 0.0112183 0 0 0 
0.00377257 -0.0479505 -0.0792152 -0.0134082 0 0 0 
0.00206899 -0.0478055 0.0487208 -0.0139333 0 0 0 
0.00401614 0.0320734 0.0981582 0.037967 0 0 0 
0.00262854 -0.0484348 -0.0569425 0.0116556 0 0 0 
0.00314989 -0.0481134 -0.0297747 -0.0128185 0 0 0 
0.00262374 -0.0484621 0.020616 0.0115566 0 0 0 
0.00504894 -0.0334852 -0.110827 0.0368432 0 0 0 
0.00161886 0.0374806 0.0446916 -0.0326843 0 0 0 
0.00223136 0.0494667 -0.0335431 -0.00598582 0 0 0 
0.00489705 -0.0306451 0.149991 0.0252856 0 0 0 
0.00369544 -0.0177952 -0.104631 0.0467129 0 0 0 
0.00410291 -0.0394573 -0.084355 -0.0302008 0 0 0 
0.00788594 0.0127267 -0.160214 0.0481389 0 0 0 
0.00720626 0.0495348 -0.0905309 0.00522039 0 0 0 
0.00710098 0.0488131 -0.171618 0.0102863 0 0 0 
0.00218594 0.0491075 -0.00765535 0.00922078 0 0 0 
0.00666996 -0.0489449 -0.116377 0.00980946 0 0 0 
0.00772416 -0.0487501 -0.165845 0.0105144 0 0 0 
0.00617115 0.00594768 0.168768 0.00791168 0 0 0 
0.00260871 0.0115302 0.0690829 -0.0484694 0 0 0 
0.00675899 0.0143909 -0.138464 -0.0476791 0 0 0 
0.00234679 -0.0118862 -0.00580563 -0.048371 0 0 0 
0.002615 -0.0126354 0.0193753 -0.0481641 0 0 0 
0.00609867 0.0273173 0.158932 -0.0145109 0 0 0 
0.00498813 0.0326365 -0.0950885 0.0375186 0 0 0 
0.00757482 0.027306 -0.218919 0.0368395 0 0 0 
0.0079951 0.0298224 -0.190622 -0.0397589 0 0 0 
0.00763542 -0.0343989 -0.138836 -0.0361159 0 0 0 
0.00535206 0.0144111 0.148028 -0.0384062 0 0 0 
0.00361549 -0.0469415 -0.084207 0.017061 0 0 0 
0.00745423 -0.0362409 -0.187699 -0.0342421 0 0 0 
0.00773904 -0.0448688 -0.191462 0.0215157 0 0 0 
0.00710137 -0.0440061 -0.137671 0.0232558 0 0 0 
0.006761 0.0322949 0.151562 0.021279 0 0 0 
0.00291137 -0.0199619 -0.0353751 -0.0456386 0 0 0 
0.00612869 -0.012713 0.117511 -0.0481427 0 0 0 
0.0078811 0.012414 -0.219302 -0.0440228 0 0 0 
0.00438138 0.047158 -0.136901 -0.016277 0 0 0 
0.00261152 -0.034409 0.0193188 0.0361079 0 0 0 
0.00206499 0.0353468 -0.0157856 -0.0353615 0 0 0 
0.0033641 -0.0341067 0.0154176 -0.0363485 0 0 0 
0.0036446 -0.0357196 -0.0127316 -0.0348969 0 0 0 
0.00535786 0.0351719 -0.0832795 -0.0355008 0 0 0 
0.00307223 0.00522751 -0.0854808 0.0495342 0 0 0 
0.00274326 0.0492747 0.0733848 0.00814461 0 0 0 
0.00274968 -0.0295103 -0.076392 0.040007 0 0 0 
0.00621995 -0.0407647 0.144262 -0.0152585 0 0 0 
0.00734878 0.011622 -0.191602 -0.0484441 0 0 0 
0.00673521 -0.0326549 -0.126692 0.037504 0 0 0 
