408 0 0 1
1.44007e-10 -0.07 -8.25014e-11 0 0 0 0.683384 0.683384 -0.18162 -0.18162 0 0 0 
0.00849437 0.0202524 -0.239668 0.045495 0 0 0 
0.00243941 0.00104002 0.00021482 0.0499073 0 0 0 
0.00188018 0.0496344 -0.0561599 -0.00410005 0 0 0 
0.00435033 0.0201594 0.100558 0.045541 0 0 0 
0.00838017 -0.028826 -0.288789 -0.0289598 0 0 0 
0.00156598 0.0458814 0.0473158 0.0194722 0 0 0 
0.00224444 -0.000191567 0.0193677 0.0499829 0 0 0 
0.00840664 0.0206469 -0.210754 0.0452993 0 0 0 
0.00175084 0.0497624 -0.0326919 -0.00266485 0 0 0 
0.00574395 0.0215298 0.157565 -0.0246231 0 0 0 
0.00799885 0.0199951 -0.186898 0.0456223 0 0 0 
0.00209836 0.0495242 0.0744397 -0.00534251 0 0 0 
0.00805125 -0.030179 -0.292578 0.0225492 0 0 0 
0.00329534 -0.00110032 0.0787106 0.0499019 0 0 0 
0.00192603 0.0497893 -0.00466467 -0.00236303 0 0 0 
0.00268127 0.0453436 0.0788587 0.0205575 0 0 0 
0.00707942 0.0238973 0.156793 0.0239652 0 0 0 
0.00592335 -0.0037605 0.10173 0.0496651 0 0 0 
0.00435027 0.0200435 -0.132951 0.0455982 0 0 0 
0.00172383 0.0457305 -0.00230282 0.0197765 0 0 0 
0.00320158 0.0499009 0.0981188 0.00111185 0 0 0 
0.00573394 -0.0262572 0.150362 -0.0294329 0 0 0 
0.00800225 0.0492448 -0.266588 0.00189821 0 0 0 
0.00802536 0.000653427 0.127335 0.0492888 0 0 0 
0.0042714 0.0459366 0.100436 0.0193613 0 0 0 
0.00159912 0.0496966 0.0203477 -0.00340453 0 0 0 
0.00243971 0.0205475 -0.0799653 0.0453482 0 0 0 
0.00773133 0.0495631 -0.236907 -0.00490571 0 0 0 
0.00756025 -0.0273649 0.154429 0.0232295 0 0 0 
0.00474295 0.0495751 0.123375 -0.00140074 0 0 0 
0.00138547 0.0498737 0.0465245 0.00141604 0 0 0 
0.00205509 0.0201981 -0.0251971 0.0455215 0 0 0 
0.00845868 0.0459707 -0.239612 0.0192925 0 0 0 
0.0080279 0.0227065 -0.292481 -0.0301405 0 0 0 
0.00780572 -0.00108735 -0.25986 0.0499032 0 0 0 
0.00803292 0.0499622 -0.206213 0.000424175 0 0 0 
0.00244061 0.0193991 0.0519699 0.0459177 0 0 0 
0.00734266 0.0277648 -0.291792 0.0260903 0 0 0 
0.00816186 0.000432221 -0.237917 0.0499615 0 0 0 
0.00796266 -0.00342221 -0.182925 0.0496951 0 0 0 
0.00873859 0.0458328 -0.210801 0.0195704 0 0 0 
0.00813752 -0.000408655 -0.210734 0.0499636 0 0 0 
0.00795822 -0.00345335 -0.154242 0.0496922 0 0 0 
0.00771911 0.0498413 -0.180873 0.00177958 0 0 0 
0.00757589 -0.00167568 -0.131536 0.0498506 0 0 0 
0.00776427 0.0458377 -0.182435 0.0195604 0 0 0 
0.00745677 -0.00667152 -0.107289 0.0494057 0 0 0 
0.00643017 0.0496077 -0.157264 -0.00440306 0 0 0 
0.00530551 -0.00221789 -0.0804362 0.0498023 0 0 0 
0.00384035 0.0499843 -0.12874 -0.00017645 0 0 0 
0.00320336 -0.00103741 -0.0505008 0.0499075 0 0 0 
0.0028296 0.0498309 -0.106182 0.00189652 0 0 0 
0.00264292 -0.00120448 -0.0315393 0.0498926 0 0 0 
0.00245477 0.0498732 -0.0847461 0.00142198 0 0 0 
0.00842432 -0.0417054 -0.286639 -0.00585022 0 0 0 
0.00345472 -0.0420804 -0.00683496 0.0269059 0 0 0 
0.00661959 -0.0177713 -0.0783082 0.0467247 0 0 0 
0.00713889 -0.0494846 -0.187407 -0.0057859 0 0 0 
0.00681618 -0.0425272 -0.081479 -0.0262402 0 0 0 
0.00414806 -0.0158387 -0.054766 0.0472791 0 0 0 
0.00807656 -0.0419397 -0.263661 -0.0266211 0 0 0 
0.00713066 -0.0496842 -0.0786934 -0.00354232 0 0 0 
0.00406594 -0.0432892 0.0211978 -0.0247023 0 0 0 
0.00825165 -0.0435225 -0.187085 0.0242316 0 0 0 
0.00789514 -0.0494283 0.103162 -0.00642067 0 0 0 
0.00831166 -0.0494115 -0.262158 -0.00445641 0 0 0 
0.00311658 -0.0178946 -0.0278045 0.0466636 0 0 0 
0.00335273 -0.0497338 0.0222101 -0.00298664 0 0 0 
0.00737926 -0.0431053 -0.0804009 0.0250733 0 0 0 
0.00647591 0.0328893 0.157217 0.00104503 0 0 0 
0.00694883 -0.0430162 -0.159518 -0.0252532 0 0 0 
0.00794267 -0.0422717 -0.25886 0.0266656 0 0 0 
0.00258703 -0.042879 0.0201613 0.02553 0 0 0 
0.00790599 -0.0427587 0.104584 0.025773 0 0 0 
0.00265533 -0.0171223 -0.00452698 0.0469245 0 0 0 
0.00480732 -0.0424166 -0.0564163 -0.0264634 0 0 0 
0.00673049 -0.0495337 -0.15619 -0.00523351 0 0 0 
0.00540594 -0.0416751 0.0532177 -0.027415 0 0 0 
0.00530593 -0.0497739 -0.0575569 -0.00253634 0 0 0 
0.008035 -0.0423482 -0.237309 -0.0265695 0 0 0 
0.00756397 -0.042352 0.125916 -0.0255154 0 0 0 
0.00210569 -0.0182163 0.0232106 0.0465041 0 0 0 
0.00774107 -0.0443003 -0.159801 0.022662 0 0 0 
0.00374325 -0.0499006 0.0461837 0.00111443 0 0 0 
0.00848087 -0.0499711 -0.238327 -0.000324531 0 0 0 
0.00484492 -0.0414172 -0.0538142 0.027739 0 0 0 
0.00833 -0.0482178 0.130615 -0.00557978 0 0 0 
0.00233576 -0.0170991 0.0527968 0.0469309 0 0 0 
0.00723261 -0.0416725 -0.134383 -0.0274182 0 0 0 
0.0030191 -0.0422312 0.0504162 0.0267165 0 0 0 
0.00779425 -0.0436496 -0.238137 0.0239755 0 0 0 
0.00334975 -0.0419646 -0.0243174 -0.0270513 0 0 0 
0.00714287 -0.049819 -0.13288 -0.00202959 0 0 0 
0.00852425 -0.0420234 0.128066 0.0257586 0 0 0 
0.00678537 -0.0436201 0.0734001 -0.0240347 0 0 0 
0.00394059 -0.0495042 -0.0299643 -0.00556394 0 0 0 
0.00699048 -0.0431127 -0.207604 -0.0250585 0 0 0 
0.00765882 -0.0425624 -0.131893 0.026169 0 0 0 
0.00771643 -0.0497785 -0.208511 -0.00248599 0 0 0 
0.00402605 -0.042789 -0.0316909 0.0257117 0 0 0 
0.00790069 -0.0193001 -0.266283 0.0453807 0 0 0 
0.0061772 -0.0498597 0.072581 0.0015747 0 0 0 
0.0075347 -0.0427207 -0.109217 -0.0258496 0 0 0 
0.00795841 -0.0434562 -0.210337 0.0243655 0 0 0 
0.00507706 -0.0441099 0.0720438 0.0230466 0 0 0 
0.00359088 -0.0429538 -0.00572347 -0.0253791 0 0 0 
0.00765271 -0.0200358 -0.233409 0.0456023 0 0 0 
0.00758925 -0.0499816 -0.108156 0.000205929 0 0 0 
0.00687856 -0.0434415 -0.184068 -0.024395 0 0 0 
0.00373777 -0.0499315 -0.00420193 -0.000768296 0 0 0 
0.00768386 -0.0419442 0.0981608 -0.027077 0 0 0 
0.00753624 -0.0427653 -0.106024 0.0257595 0 0 0 
0.00805743 -0.0174153 -0.207847 0.0468436 0 0 0 
0.00792264 -0.019845 -0.159145 0.0456966 0 0 0 
0.00788481 -0.0174235 -0.131076 0.0468413 0 0 0 
0.00167438 0.0412485 0.0258998 -0.0279508 0 0 0 
0.00494964 0.0426931 -0.135686 -0.0259052 0 0 0 
0.00171944 0.0426379 0.0251782 0.0260166 0 0 0 
0.0082636 -0.0143795 0.127286 0.0470296 0 0 0 
0.00308774 0.0432097 -0.13291 0.0248626 0 0 0 
0.00170003 0.0426197 0.0502228 -0.0260534 0 0 0 
0.0034838 0.0178777 -0.108287 0.046672 0 0 0 
0.00367504 0.0426368 -0.109577 -0.0260189 0 0 0 
0.00708739 -0.0373975 0.152573 0.00177814 0 0 0 
0.00209941 0.0430692 0.0748219 -0.0251463 0 0 0 
0.00757081 0.0423846 -0.260958 -0.0263533 0 0 0 
0.00210361 0.0433453 -0.107919 0.024589 0 0 0 
0.00221515 0.0174586 -0.0509171 0.0468316 0 0 0 
0.00810477 0.0439168 -0.262773 0.0229214 0 0 0 
0.002338 0.0396062 0.105174 -0.0300142 0 0 0 
0.00312856 0.0411898 -0.0781023 -0.0280246 0 0 0 
0.00710937 0.0125409 -0.160636 0.0481902 0 0 0 
0.007369 0.0381723 -0.236979 -0.0318156 0 0 0 
0.00197652 0.0440566 -0.0798432 0.0231533 0 0 0 
0.00250883 0.0158583 0.0245787 0.0472737 0 0 0 
0.00313791 0.0395931 0.126449 -0.0292355 0 0 0 
0.00179874 0.042626 -0.0558992 0.0260408 0 0 0 
0.00757489 0.0398645 -0.208596 -0.0296896 0 0 0 
0.00659542 0.0409335 0.123823 0.0278701 0 0 0 
0.00283626 0.0144422 0.0775053 0.0476649 0 0 0 
0.00235465 0.0428458 -0.0251231 -0.0255972 0 0 0 
0.00796427 0.0426508 -0.186451 -0.0259906 0 0 0 
0.00739959 0.0167919 0.123443 0.0467087 0 0 0 
0.0016495 0.0430094 -0.0296313 0.0252669 0 0 0 
0.00675262 0.042156 -0.154864 -0.0268109 0 0 0 
0.00224747 0.0386742 -0.000947313 -0.0311847 0 0 0 
0.00513304 0.0450046 -0.15453 0.021241 0 0 0 
0.00819439 -0.0240494 -0.3032 -0.00453448 0 0 0 
0.00209641 -0.00552237 0.0346409 0.0495081 0 0 0 
0.00251719 0.0196735 0.00805407 0.0457816 0 0 0 
0.00237834 0.00062287 0.0578675 0.0499445 0 0 0 
0.00576848 0.00182304 0.162979 -0.0249926 0 0 0 
0.00788857 -0.00155907 -0.302689 -0.0256273 0 0 0 
0.00634291 0.0194661 0.165815 0.000761007 0 0 0 
0.00709107 -0.00553528 0.163499 0.0232605 0 0 0 
0.0079359 0.00056615 -0.30989 -0.000671409 0 0 0 
0.00787944 0.0267744 -0.301955 -0.00230084 0 0 0 
0.00761514 0.00132191 -0.301763 0.0271407 0 0 0 
0.00748598 0.000999194 -0.277678 0.0466775 0 0 0 
0.00806791 -0.0423841 -0.276988 0.0197885 0 0 0 
0.00559021 -0.0196434 0.0875009 0.0457967 0 0 0 
0.00783128 -0.0173332 -0.176592 0.0468662 0 0 0 
0.0078346 -0.0179924 0.106553 0.0466151 0 0 0 
0.00767695 -0.0191889 -0.0987853 0.0460219 0 0 0 
0.00791982 0.0350111 -0.279373 -0.0293126 0 0 0 
0.00651508 -0.0232266 0.163989 -0.000347791 0 0 0 
0.00375775 -0.0382371 0.00855271 -0.0317339 0 0 0 
0.00789277 0.0438923 -0.282255 -0.00664331 0 0 0 
0.00701187 0.0420758 0.137006 0.0203669 0 0 0 
0.00774716 0.0393649 -0.280887 0.0218442 0 0 0 
0.00271632 0.0426266 -0.0480296 -0.0260395 0 0 0 
0.0023404 0.0204549 -0.00721887 0.0453942 0 0 0 
0.00633057 -0.00606054 0.16926 -0.00225298 0 0 0 
0.00808027 -0.0153606 -0.296239 -0.0303512 0 0 0 
0.00309833 0.00920688 -0.0650405 0.0491114 0 0 0 
0.00231322 0.00751881 0.0427703 0.0493304 0 0 0 
0.00767124 -0.0203386 -0.115362 0.0454518 0 0 0 
0.00745812 -0.0386494 -0.221437 -0.0312161 0 0 0 
0.00353803 -0.0396416 -0.0394538 -0.0299692 0 0 0 
0.00219692 0.0432923 0.0916402 -0.0246964 0 0 0 
0.00605707 0.0427878 0.144532 -0.00647015 0 0 0 
0.00815173 -0.0269584 -0.264809 -0.0415571 0 0 0 
0.00843459 -0.00317972 -0.132663 -0.0497165 0 0 0 
0.00770513 0.0255311 -0.266112 -0.0423266 0 0 0 
0.00395172 0.0251565 -0.0295148 -0.0430641 0 0 0 
0.0074515 0.0461123 -0.24065 -0.0190068 0 0 0 
0.00511733 -0.00157035 -0.10672 -0.04986 0 0 0 
0.00809974 -0.0252068 -0.239147 -0.0430393 0 0 0 
0.00726796 0.0202072 -0.236882 -0.0455173 0 0 0 
0.00297076 0.0206214 -0.000257589 -0.0453116 0 0 0 
0.00311678 -0.0256224 0.00112391 -0.0428332 0 0 0 
0.0032328 -0.00412935 -0.0837954 -0.0496318 0 0 0 
0.00715054 -0.0258726 -0.208619 -0.0427093 0 0 0 
0.00734527 0.0266846 -0.211102 -0.0422566 0 0 0 
0.00227032 0.0234163 0.0218814 -0.0439265 0 0 0 
0.00274288 -0.00385938 -0.0566606 -0.0496559 0 0 0 
0.00470465 -0.0245684 0.045979 -0.0433555 0 0 0 
0.00734445 -0.0272854 -0.180355 -0.0417782 0 0 0 
0.00757511 0.0226896 -0.185424 -0.0442868 0 0 0 
0.00235948 0.024726 0.0514223 -0.0432775 0 0 0 
0.00277164 -0.00320863 -0.0301425 -0.0497139 0 0 0 
0.00789422 -0.0273201 -0.159354 -0.0417506 0 0 0 
0.00251795 0.0470983 0.104088 -0.0164934 0 0 0 
0.00762004 0.0234897 -0.161823 -0.0438901 0 0 0 
0.0055981 -0.0269407 0.0711647 -0.0420527 0 0 0 
0.00266227 0.0225059 0.0775743 -0.0443779 0 0 0 
0.00280895 -0.00430691 -0.000654031 -0.0496162 0 0 0 
0.00843553 -0.0245549 -0.128141 -0.0433621 0 0 0 
0.00647535 0.0201223 -0.134529 -0.0455591 0 0 0 
0.0033821 -0.00597576 0.024973 -0.0494677 0 0 0 
0.00674905 -0.0240993 0.0996841 -0.0435883 0 0 0 
0.00277228 0.0239671 0.101135 -0.0436538 0 0 0 
0.00752755 -0.0251536 -0.108012 -0.0430655 0 0 0 
0.00350168 0.0270336 -0.109109 -0.0419787 0 0 0 
0.0044761 -0.00393492 0.0512061 -0.0496494 0 0 0 
0.00488193 -0.0272703 -0.077485 -0.0417903 0 0 0 
0.00419539 0.0206791 0.131163 -0.0436972 0 0 0 
0.00268117 0.0209208 -0.0829397 -0.0451632 0 0 0 
0.00797656 -0.005341 -0.284154 -0.043076 0 0 0 
0.00447372 0.000185838 0.0713712 -0.0499834 0 0 0 
0.00313352 -0.0242078 -0.0521502 -0.0435342 0 0 0 
0.00355656 0.0265056 -0.0580613 -0.0423956 0 0 0 
0.00752822 -0.00299747 -0.259042 -0.0497331 0 0 0 
0.00578319 -0.00610185 0.100826 -0.0494567 0 0 0 
0.00268697 -0.0243166 -0.0308948 -0.0434803 0 0 0 
0.00723115 0.000403366 -0.232232 -0.049964 0 0 0 
0.00628939 -0.00571166 0.12328 -0.0492001 0 0 0 
0.00699042 -0.00145765 -0.209256 -0.0498701 0 0 0 
0.00720749 -0.00603072 -0.18799 -0.0494628 0 0 0 
0.00798572 -0.00637607 -0.161896 -0.049432 0 0 0 
0.0075786 0.00925843 0.154253 0.0349894 0 0 0 
0.00774319 -0.049015 0.103335 0.00955564 0 0 0 
0.00793951 0.0349478 -0.260534 0.0356285 0 0 0 
0.00192541 0.0366017 0.000124246 0.0337886 0 0 0 
0.00789079 -0.0179081 -0.289029 0.035981 0 0 0 
0.00887757 0.034926 -0.232711 0.0356965 0 0 0 
0.00214582 0.0360449 0.0469717 0.0344882 0 0 0 
0.00777391 0.00986367 -0.155343 -0.0489299 0 0 0 
0.00904779 0.035742 -0.206635 0.0348687 0 0 0 
0.00242963 0.0344082 0.0721563 0.0361085 0 0 0 
0.007437 0.034972 -0.180272 0.0356598 0 0 0 
0.00435433 0.0358908 0.10203 0.0346818 0 0 0 
0.00488304 0.0340468 -0.15638 0.0363962 0 0 0 
0.00551064 0.0348529 0.14988 -0.0187815 0 0 0 
0.00778514 -0.0346458 0.0970799 0.0359194 0 0 0 
0.0078873 0.011276 -0.284908 -0.0415523 0 0 0 
0.00784204 0.0378391 -0.291593 0.00536051 0 0 0 
0.00710396 0.0152331 -0.292341 0.0346696 0 0 0 
0.00349509 0.0107188 0.048309 -0.0486936 0 0 0 
0.00186743 0.0471816 0.00913177 -0.0161916 0 0 0 
0.00278374 -0.0265028 -0.0155977 -0.042397 0 0 0 
0.00401248 -0.0242445 0.0287867 -0.043516 0 0 0 
0.00153816 0.0473496 0.0344977 -0.0155836 0 0 0 
0.00199463 0.0492245 -0.0680472 0.00871013 0 0 0 
0.00581731 0.00136771 0.138211 -0.0463796 0 0 0 
0.00823396 -0.0318543 0.136842 0.0342452 0 0 0 
0.00172671 0.0492594 -0.0461142 0.00831725 0 0 0 
0.00177782 0.0473725 0.0611087 -0.0155008 0 0 0 
0.00722319 0.0274381 -0.279691 0.0363095 0 0 0 
0.00755749 -0.0471892 -0.0954586 -0.0161643 0 0 0 
0.00751711 0.00642635 -0.172874 -0.0494276 0 0 0 
0.0057964 -0.020486 0.0845473 -0.0453791 0 0 0 
0.00441343 0.00913097 0.1059 -0.0491323 0 0 0 
0.00846723 -0.0172465 -0.147929 -0.0468902 0 0 0 
0.00792481 -0.0492881 -0.197758 0.00799458 0 0 0 
0.00764018 -0.0487211 -0.0967888 0.0106192 0 0 0 
0.00599947 -0.0166176 0.138143 -0.0433876 0 0 0 
0.00736227 -0.0490503 -0.173656 0.00942798 0 0 0 
0.00621234 -0.0471493 -0.0692174 -0.0163086 0 0 0 
0.00569956 -0.0175567 0.161024 -0.0218579 0 0 0 
0.00429828 -0.0470114 -0.0454647 -0.0168079 0 0 0 
0.00727901 -0.046851 -0.124267 -0.0173885 0 0 0 
0.00188719 0.0351092 -0.0755944 0.0355506 0 0 0 
0.00434517 -0.0494022 -0.0425631 0.00671087 0 0 0 
0.00179636 0.0345402 -0.0171807 0.0360035 0 0 0 
0.00760869 0.0323692 0.137883 0.0333259 0 0 0 
0.00308111 0.0136324 -0.0962482 -0.0478886 0 0 0 
0.00806997 -0.0342976 -0.178266 0.0361965 0 0 0 
0.00337618 0.0128412 -0.048168 -0.0481072 0 0 0 
0.00787069 0.0125246 -0.305497 -0.0155291 0 0 0 
0.00240289 -0.037671 0.0328752 0.0324452 0 0 0 
0.00268172 -0.00752188 -0.0156332 -0.0493301 0 0 0 
0.00309706 0.0369208 0.0871156 0.0333878 0 0 0 
0.00338014 0.0145318 -0.0160729 -0.0476401 0 0 0 
0.00763294 -0.0338526 -0.100276 0.0365507 0 0 0 
0.00779413 0.0159008 -0.306604 0.00737527 0 0 0 
0.00370335 -0.0345578 -0.0226158 0.0359895 0 0 0 
0.0073372 0.0136883 -0.25282 -0.0478732 0 0 0 
0.00705261 0.0108874 -0.199346 -0.048647 0 0 0 
0.00800715 -0.030889 -0.275082 0.0359436 0 0 0 
0.0075965 0.0462863 -0.216506 -0.0186556 0 0 0 
0.00814428 0.0488701 -0.194264 0.01008 0 0 0 
0.0017995 0.0491769 0.0646302 0.00896977 0 0 0 
0.00331195 0.0468331 0.122009 -0.0168031 0 0 0 
0.00765513 -0.0471589 -0.222487 -0.0162738 0 0 0 
0.00278579 0.0103049 -0.0670128 -0.048808 0 0 0 
0.0066681 -0.0208524 0.121944 -0.0450187 0 0 0 
0.00362432 0.0354812 -0.141424 0.0351964 0 0 0 
0.00286243 0.00737972 0.0179831 -0.0493428 0 0 0 
0.00718814 -0.0493392 -0.144964 0.00741937 0 0 0 
0.00386798 0.00876982 0.0886067 -0.0492192 0 0 0 
0.00758415 -0.0101909 -0.244827 -0.0488395 0 0 0 
0.00442082 0.0133341 -0.112119 -0.047971 0 0 0 
0.0043212 -0.0344117 0.0709298 0.0361057 0 0 0 
0.00745708 -0.0126633 -0.221815 -0.0481564 0 0 0 
0.00847894 -0.0352169 0.117048 0.0354649 0 0 0 
0.0066899 -0.0397292 0.143569 -0.0183847 0 0 0 
0.0073177 0.000924458 -0.290637 0.0390207 0 0 0 
0.00562697 -0.00608 0.152226 -0.0372705 0 0 0 
0.00298618 -0.03075 -0.00359207 0.0390202 0 0 0 
0.00773935 0.0222806 -0.262208 0.0442865 0 0 0 
0.00784207 0.0480509 -0.181163 -0.013045 0 0 0 
0.00224043 0.031861 -0.106008 0.0381358 0 0 0 
0.00824798 -0.0478674 -0.263729 0.0124954 0 0 0 
0.00556926 0.00945452 0.152688 -0.0361735 0 0 0 
0.00175658 0.0306094 -0.0502538 0.039132 0 0 0 
0.00233843 0.0305227 0.0216799 0.0392012 0 0 0 
0.00692562 0.0361128 0.150098 0.015994 0 0 0 
0.0040573 -0.048696 -0.0279129 0.01071 0 0 0 
0.00712924 -0.0333683 -0.0778588 0.0369362 0 0 0 
0.00784191 -0.0333775 -0.209918 0.0369289 0 0 0 
0.00701151 0.0234122 -0.172077 0.0439285 0 0 0 
0.0075791 -0.0304189 -0.251019 0.0392841 0 0 0 
0.00513726 0.0223598 -0.149473 0.04445 0 0 0 
0.00729941 -0.0308686 0.112226 -0.0389262 0 0 0 
0.00340871 0.0484265 -0.099155 -0.0116855 0 0 0 
0.00216515 0.0477871 -0.0950959 0.0139997 0 0 0 
0.00266296 0.0480534 -0.074395 -0.0130358 0 0 0 
0.00190367 0.0483062 -0.0210701 -0.0121207 0 0 0 
0.0084742 -0.046063 0.133833 0.0121827 0 0 0 
0.00800236 -0.0476292 -0.224369 0.0145716 0 0 0 
0.00286503 -0.0480439 0.0328319 0.0130703 0 0 0 
0.00219438 0.0347558 0.0847838 -0.0358319 0 0 0 
0.00538989 -0.0492342 0.0603948 -0.0086011 0 0 0 
0.00811877 -0.0173119 -0.305395 0.0110961 0 0 0 
0.00309233 0.0355775 -0.0965992 -0.0350754 0 0 0 
0.00733703 -0.0487511 0.0851114 -0.0105107 0 0 0 
0.00669287 0.00936693 0.165119 0.0188694 0 0 0 
0.00798601 0.0351847 -0.173298 -0.0354906 0 0 0 
0.0075848 -0.0345257 -0.146746 -0.036015 0 0 0 
0.00744004 -0.0329043 -0.228762 0.0373057 0 0 0 
0.00794711 -0.00921126 -0.307318 -0.0123019 0 0 0 
0.00790889 -0.0334395 -0.151281 0.0368795 0 0 0 
0.00722715 -0.036138 -0.0975365 -0.0343711 0 0 0 
0.00157478 0.048369 0.0149177 0.0118936 0 0 0 
0.00539613 -0.029341 -0.0627173 0.0401418 0 0 0 
0.00795559 -0.0258846 -0.190895 0.0427033 0 0 0 
0.00548589 -0.0478769 -0.0599038 0.0136747 0 0 0 
0.00648165 0.0312559 -0.145158 -0.0386176 0 0 0 
0.00322473 0.0369742 -0.0644908 -0.0333206 0 0 0 
0.00684788 -0.0354833 -0.196812 -0.0351937 0 0 0 
0.00800668 -0.00919619 0.143106 0.0430362 0 0 0 
0.00792865 0.0499548 -0.251562 0.000507259 0 0 0 
0.00842805 0.0136039 -0.224995 0.0478965 0 0 0 
0.0082141 0.0491504 -0.224629 0.0090654 0 0 0 
0.00183546 0.0493589 -0.0179955 0.0071981 0 0 0 
0.00202671 0.027388 0.0362195 -0.0416966 0 0 0 
0.0081974 -0.0468103 -0.252529 -0.0175357 0 0 0 
0.00703244 -0.0491152 0.0882675 0.00919283 0 0 0 
0.00749483 -0.0342792 -0.120229 0.0362112 0 0 0 
0.00702948 0.00995553 -0.220731 -0.0489045 0 0 0 
0.00705289 -0.0189479 -0.195741 -0.0461414 0 0 0 
0.00430187 -0.0456164 0.0375394 -0.0200069 0 0 0 
0.00323841 -0.0175614 -0.0658992 -0.0468032 0 0 0 
0.00825119 -0.0343442 -0.295294 0.00792224 0 0 0 
0.00262345 -0.0319262 0.0508602 0.0380841 0 0 0 
0.0060879 -0.0308258 0.155934 -0.0151995 0 0 0 
0.00747954 -0.0483668 -0.120425 0.0119014 0 0 0 
0.00306842 -0.047479 0.00756191 0.0151151 0 0 0 
0.00742722 0.0335088 -0.254069 -0.0368245 0 0 0 
0.00474346 0.0320181 -0.126729 -0.0380108 0 0 0 
0.00674843 -0.034652 0.0852757 -0.0359145 0 0 0 
0.00535384 0.0482401 -0.144291 -0.0123603 0 0 0 
0.00378883 -0.0283656 -0.0404733 0.0409183 0 0 0 
0.00572532 0.0475545 0.119633 0.014842 0 0 0 
0.00686013 -0.047511 -0.140728 -0.0149994 0 0 0 
0.00696222 0.0298384 0.12291 0.0394649 0 0 0 
0.00794879 0.0345615 -0.293743 -0.0122091 0 0 0 
0.0045794 -0.0369672 0.0373366 -0.0333294 0 0 0 
0.00801214 0.0102102 -0.19822 0.0488341 0 0 0 
0.0019916 0.0424348 0.0611544 0.0264267 0 0 0 
0.00691303 -0.0426527 0.0886311 0.0259868 0 0 0 
0.00242712 0.00756177 -0.0136892 0.0493266 0 0 0 
0.00766762 -0.0150849 -0.249016 0.0474874 0 0 0 
0.00275671 0.0342961 -0.124991 0.0361978 0 0 0 
0.00809342 -0.0454326 0.111999 -0.0203782 0 0 0 
0.00444783 0.0490514 -0.141846 0.00942395 0 0 0 
0.00695802 0.0489864 -0.167413 0.00965895 0 0 0 
0.00772039 0.00359824 -0.272866 -0.0477767 0 0 0 
0.0026297 0.0472996 -0.119742 0.0157646 0 0 0 
0.00477024 0.0230244 0.145276 -0.0362375 0 0 0 
0.0016637 0.0331135 -0.0351435 0.037139 0 0 0 
0.00777551 -0.0385339 0.14681 0.016533 0 0 0 
0.00382177 -0.0473063 0.00494401 -0.0157403 0 0 0 
0.0050668 -0.0165842 -0.0929965 -0.0470731 0 0 0 
0.00770479 -0.0322875 -0.135592 0.0377964 0 0 0 
0.00407211 0.0475146 -0.123681 -0.014986 0 0 0 
0.00139073 0.0485082 0.0344064 0.0113899 0 0 0 
0.00674577 -0.0481229 -0.171766 -0.0127844 0 0 0 
0.00242038 -0.0267729 0.0109115 0.0421863 0 0 0 
0.00814015 -0.0351589 -0.24849 -0.0355111 0 0 0 
0.00778682 0.0473923 -0.19878 -0.0154289 0 0 0 
0.00646885 -0.0318706 0.134437 -0.035396 0 0 0 
0.00820239 -0.0453143 -0.27423 -0.0145004 0 0 0 
0.00213682 0.0325749 0.0646943 -0.0375678 0 0 0 
0.00642066 0.0424123 -0.169241 0.026472 0 0 0 
0.00487778 -0.0145435 0.0618097 -0.0476369 0 0 0 
0.00373293 -0.0480634 -0.0164682 -0.0129999 0 0 0 
