171 0 0 1
2.24766e-08 -0.075 2.47404e-08 0 0 0 0.278572 0.27858 0.649917 0.649922 0 0 0 
0.0699671 -0.0818853 -0.153109 -0.0376245 0 0 0 
0.00830948 0.0954126 -0.0248506 0.0507773 0 0 0 
0.0649669 -0.0783826 -0.11115 -0.0822192 0 0 0 
0.0165242 0.0859536 -0.0687883 -0.0825519 0 0 0 
0.00883939 0.0517355 0.0210398 0.0486865 0 0 0 
0.0562005 -0.0799847 -0.0325852 -0.0781245 0 0 0 
0.0725261 -0.0850688 -0.159442 -0.00123208 0 0 0 
0.0624701 -0.0790109 -0.0774544 -0.089336 0 0 0 
0.00664899 0.0830418 0.0108972 0.00546778 0 0 0 
0.00812878 0.0829959 -0.0739638 0.0862456 0 0 0 
0.0470884 0.0857362 -0.157596 0.00983231 0 0 0 
0.0274363 -0.0768805 0.0156291 0.00947914 0 0 0 
0.0562907 -0.0806374 -0.153534 0.0392231 0 0 0 
0.0639894 -0.0842718 -0.0718878 0.0849353 0 0 0 
0.0637421 -0.03836 -0.15662 -0.0782406 0 0 0 
0.0436412 -0.047326 -0.0222455 0.095686 0 0 0 
0.0294922 -0.000760775 -0.151991 0.0912302 0 0 0 
0.0255887 -0.0361762 0.00857332 -0.0775989 0 0 0 
0.0135905 0.00434809 0.0126277 -0.0810435 0 0 0 
0.0467426 -0.00340277 -0.160159 -0.0841453 0 0 0 
0.0715477 -0.106516 -0.108515 -0.0418458 0 0 0 
0.00976508 0.107588 -0.0740993 0.0518665 0 0 0 
0.0559822 -0.106577 -0.0339663 -0.0338261 0 0 0 
0.0541408 -0.073057 -0.121046 0.0826889 0 0 0 
0.0189715 -0.0230953 0.00877526 0.0821577 0 0 0 
0.0291237 0.0649075 -0.160663 0.0524723 0 0 0 
0.0791757 -0.109296 -0.122636 0.00663 0 0 0 
0.00918181 0.100495 -0.0287707 -0.0456915 0 0 0 
0.0553908 -0.109344 -0.026403 0.000925945 0 0 0 
0.021114 0.0674609 -0.112987 -0.0904649 0 0 0 
0.0474439 0.0610958 -0.165855 -0.0471928 0 0 0 
0.0693512 -0.109746 -0.076155 -0.0477766 0 0 0 
0.00880473 0.109886 -0.0283462 0.0059795 0 0 0 
0.0101971 0.0670893 -0.121932 0.0869761 0 0 0 
0.0724979 -0.119733 -0.0728195 -0.000533957 0 0 0 
0.0302721 -0.0720498 0.00919809 -0.0454762 0 0 0 
0.0296768 -0.0690566 0.0130078 0.0418255 0 0 0 
0.0745256 -0.110947 -0.0676891 0.0431866 0 0 0 
0.0115325 0.0666041 -0.0249659 -0.0852397 0 0 0 
0.00602783 0.0622124 0.0186796 -0.0400391 0 0 0 
0.0100755 0.0619621 -0.0340394 0.0936825 0 0 0 
0.0335931 0.104466 -0.120542 -0.0360953 0 0 0 
0.0330382 0.10976 -0.122656 0.00181628 0 0 0 
0.0149624 0.100641 -0.115739 0.0490839 0 0 0 
0.0143664 0.110988 -0.0666251 -0.042692 0 0 0 
0.0724932 -0.102898 -0.119166 0.042667 0 0 0 
0.0343792 0.0291511 -0.154225 -0.0842042 0 0 0 
0.0128792 0.118726 -0.0673355 0.00527008 0 0 0 
0.060043 -0.0987552 -0.0268246 0.046751 0 0 0 
0.0431978 -0.0601242 -0.163832 0.0522429 0 0 0 
0.0228624 0.0276446 -0.153508 0.0852735 0 0 0 
0.00811547 0.0724893 0.00726333 0.048006 0 0 0 
0.00909267 0.0376605 0.00729945 -0.0779854 0 0 0 
0.0435865 0.0811396 -0.152688 -0.0397483 0 0 0 
0.00698439 0.0498342 0.0333642 0.00779831 0 0 0 
0.00999816 0.0095972 0.0320582 0.0521002 0 0 0 
0.0227132 0.0852225 -0.143006 0.0488834 0 0 0 
0.0364416 -0.0388047 -0.150432 0.0837331 0 0 0 
0.0605197 0.0389561 -0.180978 -0.0389164 0 0 0 
0.0669168 0.000946043 -0.188119 -0.038402 0 0 0 
0.0540874 0.0461864 -0.185715 0.000175646 0 0 0 
0.0722668 -0.0376112 -0.18136 -0.0391075 0 0 0 
0.0546763 0.00414343 -0.194572 -0.00124695 0 0 0 
0.0160929 -0.0445562 0.0291166 -0.0375544 0 0 0 
0.0569647 -0.0410338 -0.187238 0.00371872 0 0 0 
0.0396857 0.00564101 -0.187422 0.0402373 0 0 0 
0.0157522 -0.0389865 0.0259808 0.0509332 0 0 0 
0.0103546 0.0545672 -0.00966701 0.084229 0 0 0 
0.0590714 -0.0738093 -0.09605 0.0912464 0 0 0 
0.00757374 0.0173054 0.0357147 -0.0428018 0 0 0 
0.0398842 -0.0200779 -0.186428 0.0389977 0 0 0 
0.026394 0.0569952 -0.138862 -0.0836096 0 0 0 
0.0169409 -0.0558775 0.0301162 0.00813144 0 0 0 
0.010636 -0.0145629 0.0346382 0.0457284 0 0 0 
0.00842963 0.067867 -0.0967328 0.0960366 0 0 0 
0.0439127 -0.0931417 -0.0101922 -0.0384246 0 0 0 
0.00908572 -0.000305265 0.0449499 0.000403658 0 0 0 
0.017231 0.00205843 -0.000550458 0.0931875 0 0 0 
0.01972 0.0823161 -0.0936616 -0.0845678 0 0 0 
0.00677182 0.0840881 -0.000401373 -0.0395844 0 0 0 
0.00899629 0.10701 -0.0461382 0.0447758 0 0 0 
0.0546601 -0.0724327 -0.0376078 0.0866169 0 0 0 
0.0114738 -0.0197651 0.0377593 -0.0342112 0 0 0 
0.011784 -0.0322668 0.0398955 -0.00376139 0 0 0 
0.0711416 -0.0977467 -0.132772 -0.0361378 0 0 0 
0.0629059 -0.0594436 -0.135435 -0.083959 0 0 0 
0.00736308 0.0280899 0.0411467 -0.0042883 0 0 0 
0.021728 0.111681 -0.0934218 -0.0370141 0 0 0 
0.0199742 0.0487436 -0.0703195 -0.108837 0 0 0 
0.0253929 0.00696963 -0.109973 -0.1135 0 0 0 
0.0424345 -0.0344757 -0.112616 -0.107458 0 0 0 
0.0271358 0.0437272 -0.163411 0.0674858 0 0 0 
0.0102657 0.0509466 -0.0702107 0.107648 0 0 0 
0.0245297 0.00756404 -0.0668156 -0.118449 0 0 0 
0.0479962 -0.0415257 -0.110273 0.106059 0 0 0 
0.0112114 0.0417202 -0.113084 0.105113 0 0 0 
0.0269574 -0.00341383 -0.0248858 -0.108289 0 0 0 
0.0459527 -0.0451037 -0.0681259 -0.110409 0 0 0 
0.0243067 0.0868929 -0.116454 -0.0701641 0 0 0 
0.027774 -0.00310777 -0.022257 0.106914 0 0 0 
0.0384583 -0.0310136 -0.0285529 -0.105596 0 0 0 
0.0187619 0.0239178 -0.0282242 0.107566 0 0 0 
0.019175 0.0309864 -0.029592 -0.106058 0 0 0 
0.0228056 0.0317418 -0.114671 -0.107639 0 0 0 
0.0316354 -0.00845812 -0.121273 0.109845 0 0 0 
0.0574078 -0.0559209 -0.0688081 0.104833 0 0 0 
0.00876249 0.0829726 -0.0188904 -0.0642724 0 0 0 
0.00736477 0.098374 -0.00924717 -0.0192024 0 0 0 
0.0462782 0.0968748 -0.142762 -0.0196326 0 0 0 
0.0677038 -0.0690703 -0.148812 -0.0631624 0 0 0 
0.0448009 -0.0699161 -0.0100343 -0.0722462 0 0 0 
0.0143279 -0.0193726 0.025338 -0.0623628 0 0 0 
0.0626424 -0.0238332 -0.190508 -0.0189908 0 0 0 
0.0191545 0.116282 -0.0984307 0.0142818 0 0 0 
0.0627296 -0.0976777 -0.0542243 -0.0660151 0 0 0 
0.0307943 -0.0143418 -0.0536172 -0.116481 0 0 0 
0.0418889 -0.0906302 -0.000925567 0.0224581 0 0 0 
0.0535173 -0.0385803 -0.0496514 0.110083 0 0 0 
0.0333132 -0.00365399 -0.17592 0.0641689 0 0 0 
0.00939553 0.0971888 -0.0914936 0.0672724 0 0 0 
0.068038 -0.114462 -0.0478356 0.0212583 0 0 0 
0.00878479 0.0166322 0.0411576 0.0230103 0 0 0 
0.033671 -0.028053 -0.169715 0.0671951 0 0 0 
0.00759547 0.0617107 0.0010939 -0.0678504 0 0 0 
0.0454579 0.0646445 -0.172949 0.0230884 0 0 0 
0.070882 -0.0664656 -0.170974 -0.0253343 0 0 0 
0.0117141 -0.032252 0.0380679 0.0212826 0 0 0 
0.0568935 -0.0666341 -0.17191 0.0208717 0 0 0 
0.0700981 -0.0982018 -0.0931756 0.0657781 0 0 0 
0.0534296 0.0699725 -0.169328 -0.0206489 0 0 0 
0.0303853 -0.0166267 -0.0822621 -0.117647 0 0 0 
0.00840498 0.0848022 -0.0352423 0.0735184 0 0 0 
0.0120832 0.00194689 0.0189753 0.0735449 0 0 0 
0.0297308 -0.081769 0.0110514 -0.0163377 0 0 0 
0.0290765 0.00456353 -0.0653169 0.118597 0 0 0 
0.0185417 0.0156797 -0.112487 0.11188 0 0 0 
0.0106864 0.035023 0.0107561 0.0757887 0 0 0 
0.0465454 0.0396089 -0.185454 0.0244716 0 0 0 
0.0077782 0.0964756 -0.00962899 0.0264022 0 0 0 
0.0160147 0.0524191 -0.144714 0.0817513 0 0 0 
0.0749243 -0.116494 -0.0951652 -0.0154322 0 0 0 
0.0449076 -0.0240567 -0.140951 -0.096865 0 0 0 
0.0321499 0.0969322 -0.13967 0.0261821 0 0 0 
0.0424782 -0.0635155 -0.0120362 0.0788772 0 0 0 
0.0217912 0.116771 -0.0964343 -0.0113462 0 0 0 
0.0191278 -0.0615646 0.0259887 -0.0178307 0 0 0 
0.0611052 0.00487741 -0.176899 -0.0622167 0 0 0 
0.0621143 -0.114717 -0.0460786 -0.0132593 0 0 0 
0.0555345 -0.0636175 -0.0448967 -0.0965141 0 0 0 
0.0288577 -0.0217289 -0.00649387 -0.0956036 0 0 0 
0.0490015 -0.0302506 -0.0855653 0.114537 0 0 0 
0.0126659 0.0336973 -0.0889303 0.113147 0 0 0 
0.0627202 -0.0929984 -0.0440837 0.0677384 0 0 0 
0.0156396 0.0702126 -0.050578 -0.0935038 0 0 0 
0.0575404 -0.0615176 -0.0927353 -0.100558 0 0 0 
0.0103574 0.113767 -0.0444434 -0.0178657 0 0 0 
0.00609578 0.0444151 0.0321146 -0.0286692 0 0 0 
0.0775763 -0.113869 -0.103723 0.0224728 0 0 0 
0.0489497 -0.0733555 -0.144312 0.0637333 0 0 0 
0.03086 0.07464 -0.141871 -0.0653115 0 0 0 
0.030124 0.00972037 -0.138248 -0.100647 0 0 0 
0.0661713 -0.0861599 -0.129975 -0.0613394 0 0 0 
0.0166566 0.0191429 -0.00718522 -0.0969496 0 0 0 
0.0258304 -0.0505842 0.0103142 0.0670043 0 0 0 
0.019591 0.061892 -0.0899465 -0.100668 0 0 0 
0.0117896 0.0945778 -0.0444745 -0.0659999 0 0 0 
0.0286647 -0.000426638 -0.0925374 0.118231 0 0 0 
0.0460034 -0.0794432 -0.00817368 0.0595159 0 0 0 
0.00610455 0.0743471 0.0166121 -0.0175746 0 0 0 
0.0424904 -0.0979175 -0.00735489 -0.0107295 0 0 0 
0.0657733 -0.0963176 -0.0805158 -0.0700301 0 0 0 
