83 0 0 1
-1.67152e-18 1.92116e-18 2.91197e-09 0 0 0 -1.80865e-07 0.707107 0.707107 -1.80865e-07 0 0 0 
0.0188023 0.189449 -0.000318279 0.00586539 0 0 0 
0.0172211 -0.188958 -0.00576078 -0.00596824 0 0 0 
0.012114 -0.154145 -0.0349142 -0.000963955 0 0 0 
0.00896235 -0.111771 -0.034508 -0.00552415 0 0 0 
0.0108695 0.108118 -0.0348088 0.00214739 0 0 0 
0.00713788 -0.0634653 -0.0349024 0.00109542 0 0 0 
0.00561263 -0.0202426 -0.0345085 -0.00551859 0 0 0 
0.00671967 0.0242082 -0.0341421 0.00729758 0 0 0 
0.0150173 0.147249 -0.0347088 -0.00326926 0 0 0 
0.00726247 0.056764 -0.0344755 -0.00588981 0 0 0 
0.0088382 0.080959 -0.0348411 0.00178408 0 0 0 
0.0168646 0.181467 0.0223638 -0.00195918 0 0 0 
0.0129182 -0.147145 0.0345835 0.00467664 0 0 0 
0.00869157 0.0619971 0.0347881 0.0023792 0 0 0 
0.00899443 -0.0730251 0.0343182 0.00666014 0 0 0 
0.0104048 -0.116459 0.0344577 -0.00608879 0 0 0 
0.00803929 0.0199151 0.0348993 -0.00113096 0 0 0 
0.00934434 0.102682 0.0345235 0.00535014 0 0 0 
0.00776444 -0.0206899 0.0348577 -0.001598 0 0 0 
0.0127664 0.151762 0.0346119 0.00435825 0 0 0 
0.016866 -0.179373 0.0243739 0.00579299 0 0 0 
0.00608132 0.0201903 0.00302395 -0.0347307 0 0 0 
0.00938552 0.111557 -0.00280658 -0.0347501 0 0 0 
0.00590624 -0.0299003 0.00022209 -0.0349802 0 0 0 
0.0115364 -0.151079 0.00598189 -0.0344673 0 0 0 
0.00865321 -0.103741 -0.00402858 -0.0346412 0 0 0 
0.0064968 0.0587451 0.00704765 -0.0342113 0 0 0 
0.0124729 0.144084 -0.00477441 -0.0345748 0 0 0 
0.00732361 -0.0738543 2.66496e-05 -0.0349976 0 0 0 
0.0148259 -0.175631 -0.000705081 -0.0279616 0 0 0 
0.0163239 0.172386 -0.00464587 -0.0298369 0 0 0 
0.00683443 -0.0687989 -0.0223829 -0.0266321 0 0 0 
0.00549027 -0.0298266 -0.0232649 -0.0259301 0 0 0 
0.0072332 -0.063105 0.0211958 -0.0275768 0 0 0 
0.0069551 -0.0200916 -0.0272456 0.021612 0 0 0 
0.011995 0.153285 0.0198369 -0.0286583 0 0 0 
0.0157448 0.155247 -0.0286219 0.0198542 0 0 0 
0.0104164 0.107735 -0.0269806 -0.021945 0 0 0 
0.00633928 -0.0122943 0.0178208 -0.0300404 0 0 0 
0.00966925 -0.137701 -0.0231941 -0.0259865 0 0 0 
0.00607818 0.0384024 -0.0239008 -0.025424 0 0 0 
0.0095595 0.126625 0.0219719 -0.0269592 0 0 0 
0.0103264 -0.121992 -0.0293367 0.0189845 0 0 0 
0.0122312 -0.162909 -0.0217833 -0.0258562 0 0 0 
0.00553264 0.000394789 -0.0261511 -0.0229873 0 0 0 
0.0076113 0.0868811 0.0222383 -0.0267472 0 0 0 
0.0157324 -0.170596 -0.0266785 0.0160987 0 0 0 
0.00852481 0.0527537 -0.0297966 0.0183127 0 0 0 
0.00881582 -0.0851083 -0.0296876 0.0185326 0 0 0 
0.00987364 0.01731 0.0267802 0.0221968 0 0 0 
0.0069257 0.0675768 -0.0199388 -0.0285773 0 0 0 
0.00661694 0.0313224 0.0238582 -0.025458 0 0 0 
0.0103781 0.0785693 0.0273119 0.0215287 0 0 0 
0.00935757 -0.0673253 -0.00555277 0.0345055 0 0 0 
0.0138731 0.147817 0.00456764 0.0345932 0 0 0 
0.0134667 -0.14731 -0.00209863 0.0348131 0 0 0 
0.0101418 0.0259724 -0.00505368 0.0345499 0 0 0 
0.0107643 0.0687979 -0.00489789 0.0345638 0 0 0 
0.0108797 0.10639 -0.00429878 0.0346172 0 0 0 
0.0105232 -0.112881 0.00222366 0.034802 0 0 0 
0.00903942 -0.0306705 -0.00457444 0.0345926 0 0 0 
0.0172185 -0.180086 -0.00424222 0.0238349 0 0 0 
0.00953251 0.00092168 -0.00133218 0.0348814 0 0 0 
0.00951871 -0.0629273 0.0219689 0.0269616 0 0 0 
0.0107126 0.103393 0.0204929 0.0281363 0 0 0 
0.00794933 -0.0512778 -0.0252054 0.0241756 0 0 0 
0.0118526 0.123116 -0.0258788 0.0233295 0 0 0 
0.0159201 -0.166392 0.0181172 0.0276122 0 0 0 
0.00991785 0.0881659 -0.0251515 0.0242433 0 0 0 
0.00789862 -0.0862568 -0.033416 -0.0099268 0 0 0 
0.0179763 0.17177 -0.0278573 -0.0125148 0 0 0 
0.00946915 -0.0290677 0.0242061 0.0251811 0 0 0 
0.0100787 -0.105265 0.0260383 0.023129 0 0 0 
0.0149963 -0.166858 0.0260674 -0.0197222 0 0 0 
0.0117977 0.132917 0.0250894 0.0243213 0 0 0 
0.00886096 -0.0873551 0.031809 -0.014251 0 0 0 
0.00782994 -0.0493612 0.0345237 -0.00534815 0 0 0 
0.0112164 0.0537414 0.018226 0.0298396 0 0 0 
0.0121797 -0.137547 0.0233448 0.0258665 0 0 0 
0.0179379 0.173986 -0.00820648 0.0279705 0 0 0 
0.00996913 -0.119751 0.0208329 -0.0278657 0 0 0 
0.0177379 0.175797 0.0166807 0.0224107 0 0 0 
0.0077514 0.00859608 -0.0232695 0.0259264 0 0 0 
