82 0 0 1
3.91955e-18 -1.36234e-19 2.89944e-09 0 0 0 -1.85392e-07 0.707107 0.707107 -1.85392e-07 0 0 0 
0.0888365 -0.184356 0.00599123 0.00124564 0 0 0 
0.0777175 0.18445 -0.00535852 -0.000823885 0 0 0 
0.0811976 -0.153351 -0.0346416 -0.000676328 0 0 0 
0.0796256 -0.0585043 -0.034033 0.00769225 0 0 0 
0.0785152 -0.023069 -0.0348372 -0.00182806 0 0 0 
0.0829289 0.158203 -0.0337815 -0.00124159 0 0 0 
0.0790977 0.0253314 -0.0346085 0.00439569 0 0 0 
0.068938 0.104931 -0.0348881 0.00125602 0 0 0 
0.0680948 0.0727486 -0.0347428 0.00288845 0 0 0 
0.0718691 -0.106979 -0.0348913 -0.00122057 0 0 0 
0.0886372 -0.176954 -0.0216645 0.00270358 0 0 0 
0.077712 0.177044 0.0217182 -0.00127627 0 0 0 
0.070007 -0.147189 0.0346661 -0.00374956 0 0 0 
0.0752731 0.0312142 0.0345847 0.00466351 0 0 0 
0.0886086 -0.0609949 0.034886 0.00127963 0 0 0 
0.0711918 0.115104 0.034159 0.00723643 0 0 0 
0.0768812 0.149725 0.0345027 0.00558416 0 0 0 
0.0707273 -0.102265 0.0343349 0.00659989 0 0 0 
0.0841561 -0.0155192 0.0341765 0.00717311 0 0 0 
0.0679037 0.0663199 0.0347145 0.00320572 0 0 0 
0.0830785 -0.171128 0.0271981 -0.0044932 0 0 0 
0.0685837 0.0924699 0.0344812 -0.00582598 0 0 0 
0.0814951 -0.153186 0.00286113 -0.0344626 0 0 0 
0.0713651 0.0722275 0.00392729 -0.0346502 0 0 0 
0.0788708 0.150289 0.00721928 -0.0341382 0 0 0 
0.0789686 -0.0138543 0.00478091 -0.0345742 0 0 0 
0.0781821 0.113758 -0.00111076 -0.0349011 0 0 0 
0.0818045 -0.0553835 0.000658688 -0.0349413 0 0 0 
0.0763921 0.0297983 0.00257407 -0.0347708 0 0 0 
0.0725113 -0.109134 -0.00122128 -0.0348912 0 0 0 
0.0829479 -0.155992 -0.0217353 -0.0264393 0 0 0 
0.0801663 0.0314786 -0.0255884 -0.0236943 0 0 0 
0.0772129 0.117675 -0.0257152 -0.0235349 0 0 0 
0.0724909 0.0609048 -0.0208689 -0.0278371 0 0 0 
0.0734056 -0.0633112 -0.0240985 -0.0252667 0 0 0 
0.0707712 0.0454641 0.0206877 -0.0279813 0 0 0 
0.0707375 -0.13045 -0.0236879 -0.0255934 0 0 0 
0.077248 -0.137465 -0.0285085 0.0200252 0 0 0 
0.0694542 0.121619 -0.0282678 0.0203277 0 0 0 
0.079693 -0.0102728 -0.0217968 -0.0270986 0 0 0 
0.0704457 0.0844842 -0.0270271 -0.0218866 0 0 0 
0.0849705 0.162812 -0.021173 -0.0244055 0 0 0 
0.0782977 0.175626 0.00918906 0.0215911 0 0 0 
0.0791456 -0.0945201 0.0222572 -0.0267321 0 0 0 
0.0701766 -0.13655 0.0212259 -0.0275529 0 0 0 
0.0793106 -0.0951377 -0.0277329 0.0209997 0 0 0 
0.0849139 -0.0401274 0.0226457 -0.0264229 0 0 0 
0.0797443 0.00389467 -0.0297575 0.0183916 0 0 0 
0.0803428 -0.168179 0.0209784 0.0211106 0 0 0 
0.0760576 0.151261 0.027899 -0.0206451 0 0 0 
0.0731069 0.115138 0.0268491 -0.0221102 0 0 0 
0.0793658 -0.0105591 0.0262241 -0.0228955 0 0 0 
0.0664549 -0.133357 0.0301199 0.0176602 0 0 0 
0.0788358 0.172344 -0.0187855 0.0189589 0 0 0 
0.0766618 -0.105294 -0.00223753 0.0348007 0 0 0 
0.0702867 0.108279 -0.0039511 0.0346481 0 0 0 
0.0774927 -0.148739 0.00209509 0.0348134 0 0 0 
0.0708345 0.0661357 -0.00124283 0.0348893 0 0 0 
0.0774757 0.027072 0.00421936 0.0346242 0 0 0 
0.0853482 -0.0247446 0.0054735 0.0345125 0 0 0 
0.0774386 0.153452 0.0068836 0.0339449 0 0 0 
0.0858171 -0.0634282 0.00420738 0.0346253 0 0 0 
0.0686753 0.0675103 -0.0243551 0.0250625 0 0 0 
0.084526 -0.0224161 -0.0213844 0.0274268 0 0 0 
0.0755937 0.0320979 -0.0225477 0.0265009 0 0 0 
0.0818058 0.00511024 0.0174166 0.0302407 0 0 0 
0.074775 -0.0390895 -0.0286665 -0.0198266 0 0 0 
0.0696224 0.0860597 0.0254224 0.0239029 0 0 0 
0.0857443 -0.0443021 0.0244924 0.0249532 0 0 0 
0.0726372 0.0503624 0.0235586 0.0256964 0 0 0 
0.0705159 -0.0968234 -0.0225203 -0.0265227 0 0 0 
0.0682986 0.0707418 0.0271262 -0.021762 0 0 0 
0.074083 0.147045 -0.022094 0.026862 0 0 0 
0.072963 0.122642 0.0172306 0.0303329 0 0 0 
0.0849735 -0.168411 -0.0109732 0.0275685 0 0 0 
0.0678012 -0.118973 0.0323431 -0.0131731 0 0 0 
0.0765198 0.0155175 0.0301054 -0.0176892 0 0 0 
0.0660494 0.092459 -0.0271005 0.0217944 0 0 0 
0.0758697 -0.0856352 0.0206369 0.0280217 0 0 0 
0.0714599 -0.0830008 -0.0336886 -0.00893993 0 0 0 
0.0792529 0.174147 0.0061186 -0.024463 0 0 0 
0.0692758 -0.111151 0.0208854 0.0278239 0 0 0 
