82 0 0 1
3.91955e-18 -1.36234e-19 2.89944e-09 0 0 0 -1.85392e-07 0.707107 0.707107 -1.85392e-07 0 0 0 
0.0787574 -0.184025 0.00558404 -0.00538753 0 0 0 
0.100267 0.183847 0.00809411 -0.000841727 0 0 0 
0.0698344 -0.148923 -0.0349005 -0.00111745 0 0 0 
0.0841193 0.153894 -0.0342247 0.00482907 0 0 0 
0.0718672 -0.0675853 -0.0348402 -0.00179449 0 0 0 
0.0773509 0.106164 -0.0349502 0.000558937 0 0 0 
0.0782043 -0.0204582 -0.0349523 -0.000535438 0 0 0 
0.0739802 0.0632356 -0.0349599 0.000450405 0 0 0 
0.0697062 -0.101179 -0.0345299 -0.00527895 0 0 0 
0.0789148 0.0179926 -0.034791 -0.00234719 0 0 0 
0.0786167 -0.175052 -0.0242921 -0.000653783 0 0 0 
0.090628 0.177646 -0.0207748 -0.00280719 0 0 0 
0.0827857 0.118004 0.0348168 0.00205669 0 0 0 
0.0751026 -0.143477 0.0347117 0.00323702 0 0 0 
0.0753317 0.065121 0.0347023 -0.00334269 0 0 0 
0.0827223 0.0192799 0.0349986 -1.61784e-05 0 0 0 
0.0972436 0.148246 0.0347935 0.00231929 0 0 0 
0.0778982 -0.0239808 0.03487 0.00146005 0 0 0 
0.0691097 -0.103107 0.0348514 -0.00166879 0 0 0 
0.067155 -0.0619053 0.0343675 0.00648196 0 0 0 
0.0795897 -0.171835 0.0268755 -0.0020894 0 0 0 
0.0775397 0.092942 0.0346098 0.00438119 0 0 0 
0.069741 0.108851 -0.00420207 -0.0346258 0 0 0 
0.0765286 -0.106121 -0.0040337 -0.0346408 0 0 0 
0.0774262 -0.143262 0.0074506 -0.0341 0 0 0 
0.0714726 -0.0666904 0.00686974 -0.0342604 0 0 0 
0.0761271 0.0727253 0.00626897 -0.0344264 0 0 0 
0.0749668 -0.0224479 -0.00319047 -0.0347159 0 0 0 
0.0789982 0.0240344 -0.00291544 -0.0347404 0 0 0 
0.0733736 0.150748 0.00481628 -0.0345048 0 0 0 
0.0837297 0.175592 0.00106482 -0.023566 0 0 0 
0.0826203 0.0202868 -0.0265993 0.0224241 0 0 0 
0.0623115 -0.101559 -0.0277297 0.0210037 0 0 0 
0.0746841 0.0663018 -0.0247719 -0.0247202 0 0 0 
0.0762373 -0.0695145 -0.0237459 -0.0255474 0 0 0 
0.0762955 -0.0136677 0.0203685 -0.0282353 0 0 0 
0.0748478 0.152612 -0.0209119 -0.0275572 0 0 0 
0.0672973 -0.0594155 -0.0266849 0.0223165 0 0 0 
0.0776534 -0.0031946 -0.0243402 -0.0250743 0 0 0 
0.0726828 -0.134785 -0.0273615 -0.0214663 0 0 0 
0.0819989 0.131377 -0.0284042 0.0201562 0 0 0 
0.0710919 0.126702 0.0164646 -0.0307125 0 0 0 
0.0782955 0.0493324 0.0146737 -0.0316002 0 0 0 
0.0806171 -0.168661 0.0140398 -0.0257521 0 0 0 
0.0720171 0.100656 -0.025302 -0.0240541 0 0 0 
0.0754213 -0.0341232 -0.0251631 -0.0242286 0 0 0 
0.0788248 -0.168865 0.0201372 0.0212928 0 0 0 
0.0769901 -0.0296043 -0.0275331 0.0212508 0 0 0 
0.0800162 0.0194407 0.022741 -0.0263471 0 0 0 
0.0751705 0.0654863 0.0283083 0.0202768 0 0 0 
0.0681221 -0.0661231 0.0277129 -0.0210249 0 0 0 
0.0645481 -0.0865868 0.0294361 0.0188596 0 0 0 
0.0879122 0.165682 0.0233503 -0.0205881 0 0 0 
0.0810348 -0.166498 -0.0117683 -0.0283674 0 0 0 
0.0746212 0.0991286 0.0257722 -0.0234633 0 0 0 
0.0734222 -0.117877 0.0260597 -0.0231021 0 0 0 
0.0690156 -0.123796 0.02681 0.0221593 0 0 0 
0.0831465 0.0309372 0.00286272 0.0347451 0 0 0 
0.0712474 -0.149388 0.00420738 0.0346253 0 0 0 
0.0651287 -0.0564209 -0.00576644 0.0344865 0 0 0 
0.0755271 0.0651538 -0.00210574 0.0348125 0 0 0 
0.063098 -0.103956 0.00765079 0.0340447 0 0 0 
0.0898774 0.118088 0.00601242 0.0344645 0 0 0 
0.0828591 -0.0189056 -0.000491972 0.0349562 0 0 0 
0.105077 0.149724 0.00536622 0.0345221 0 0 0 
0.0814976 0.0921956 0.00428741 0.0346182 0 0 0 
0.0668918 -0.148584 -0.0244309 0.0250021 0 0 0 
0.0773047 0.0809149 -0.0261848 0.0229449 0 0 0 
0.0702844 -0.042137 0.0198866 0.0286188 0 0 0 
0.0752529 0.0475942 -0.0224538 0.0265756 0 0 0 
0.0965373 0.158883 -0.0192809 0.0275312 0 0 0 
0.0866972 -0.0031591 0.025431 0.023892 0 0 0 
0.0769714 -0.172824 -0.0096189 0.024527 0 0 0 
0.0694317 0.126535 -0.0235595 -0.0256957 0 0 0 
0.0632068 -0.124291 -0.0336186 0.00919308 0 0 0 
0.0716202 -0.0395784 0.0243733 -0.025048 0 0 0 
0.0757564 0.0417607 -0.0301708 -0.0175574 0 0 0 
0.0612457 -0.0852171 -0.0098618 0.0334339 0 0 0 
0.071089 -0.091646 0.0159773 -0.0309541 0 0 0 
0.0624891 -0.0694275 0.0155174 0.031182 0 0 0 
0.061756 -0.122588 -0.0169852 0.0304545 0 0 0 
0.0783295 0.0406597 0.0310326 0.0158189 0 0 0 
