81 0 0 1
-1.67152e-18 1.92116e-18 2.91197e-09 0 0 0 -1.80865e-07 0.707107 0.707107 -1.80865e-07 0 0 0 
0.0900277 0.189383 0.00517429 0.0017641 0 0 0 
0.0870481 -0.188933 0.00591888 -0.0060901 0 0 0 
0.0764546 -0.156676 -0.0341821 0.00660599 0 0 0 
0.0823697 0.0199845 -0.0345916 0.0045858 0 0 0 
0.0801894 -0.0294701 -0.0345948 -0.0045493 0 0 0 
0.0700592 -0.104623 -0.0345778 -0.00474109 0 0 0 
0.0867557 0.153023 -0.0348406 0.0017894 0 0 0 
0.0831554 -0.0705896 -0.0342139 0.0070378 0 0 0 
0.0804708 0.0988689 -0.0349794 0.000231032 0 0 0 
0.0801542 0.0703456 -0.0347166 -0.00318212 0 0 0 
0.0663135 -0.12951 -0.0347746 0.0025308 0 0 0 
0.092273 0.17803 -0.0258308 0.00310842 0 0 0 
0.0718954 -0.151729 0.0345715 -0.0048112 0 0 0 
0.0833502 -0.0302425 0.0341112 0.00740931 0 0 0 
0.072416 0.0658476 0.0347906 0.00235168 0 0 0 
0.0753862 0.0242702 0.0338664 0.00829505 0 0 0 
0.0961722 -0.0671976 0.0346446 -0.00399065 0 0 0 
0.0730945 -0.116737 0.0346561 -0.0038614 0 0 0 
0.0783467 0.150699 0.0345797 -0.00471931 0 0 0 
0.0754012 0.110116 0.0345099 0.00550346 0 0 0 
0.0784788 -0.00360447 0.0344604 -0.00605919 0 0 0 
0.0880817 -0.183191 -0.0196007 0.00586937 0 0 0 
0.0822646 -0.175811 0.0271379 0.00615057 0 0 0 
0.0864236 0.176694 0.0268743 -0.00327139 0 0 0 
0.0710635 -0.150803 -0.00491644 -0.0345622 0 0 0 
0.0770306 0.0150987 0.000973146 -0.0349133 0 0 0 
0.0797519 0.0580494 -0.00283454 -0.0347476 0 0 0 
0.0784659 0.148046 0.00374757 -0.0346663 0 0 0 
0.08467 0.106125 0.00298066 -0.0347346 0 0 0 
0.0748067 -0.107789 0.000600022 -0.0349466 0 0 0 
0.0902444 -0.0641482 -0.00163633 -0.0348543 0 0 0 
0.0829568 -0.0235965 -0.00285374 -0.0347459 0 0 0 
0.0869844 -0.183783 0.00350358 0.0192448 0 0 0 
0.0784418 0.0234843 -0.0215391 -0.0273036 0 0 0 
0.0822749 0.0582696 -0.0260865 -0.0230684 0 0 0 
0.0882413 -0.0266325 0.0222102 -0.0267696 0 0 0 
0.0806048 0.147601 -0.0224315 -0.0265934 0 0 0 
0.0769169 -0.160118 0.0197211 -0.028245 0 0 0 
0.0765392 0.0694682 0.0198216 -0.0286706 0 0 0 
0.0689915 -0.111081 -0.0232624 -0.0259321 0 0 0 
0.0813034 -0.0160241 -0.0299837 0.0179351 0 0 0 
0.0784285 -0.00284557 -0.0254377 -0.0238837 0 0 0 
0.0789909 0.125834 0.0192131 -0.0291548 0 0 0 
0.0691694 -0.133909 0.0194619 -0.0289568 0 0 0 
0.0848911 0.113891 -0.0271237 -0.0217651 0 0 0 
0.080669 0.125223 -0.0275885 0.0211812 0 0 0 
0.0805096 -0.168096 -0.0209792 -0.0244221 0 0 0 
0.0810461 -0.0449669 -0.0255833 -0.0237007 0 0 0 
0.0746294 0.0243235 0.0232266 -0.0259606 0 0 0 
0.0791153 -0.00845619 0.027804 0.0209104 0 0 0 
0.0715523 -0.146406 0.029431 0.0188661 0 0 0 
0.086594 -0.093335 0.0240349 -0.0253174 0 0 0 
0.0808539 -0.0982396 0.0294285 0.0188692 0 0 0 
0.0878579 0.175611 -0.0189882 -0.0208001 0 0 0 
0.0773915 0.0616859 0.00645004 0.0343763 0 0 0 
0.0830512 0.0231881 -0.00604797 0.0344614 0 0 0 
0.0829153 -0.158822 -0.000166864 0.0346448 0 0 0 
0.0743392 0.108762 0.00584256 0.0344797 0 0 0 
0.0910703 -0.0726984 0.00793769 0.0339654 0 0 0 
0.0763835 -0.115065 0.00143985 0.0348718 0 0 0 
0.0829669 0.14797 -0.00266793 0.0347624 0 0 0 
0.0828458 -0.0252612 0.00509616 0.0345461 0 0 0 
0.0936811 0.176077 -0.00158372 0.0275256 0 0 0 
0.0749043 -0.107837 -0.0257718 0.0234638 0 0 0 
0.0758591 0.0753719 -0.0255593 0.0237309 0 0 0 
0.0712745 -0.133197 -0.0228464 0.0262632 0 0 0 
0.0887532 -0.0537093 -0.0227528 0.0263377 0 0 0 
0.0807785 0.0442347 -0.0257391 0.023505 0 0 0 
0.0808619 0.155385 0.0257378 0.0234621 0 0 0 
0.0772612 0.0434133 0.0255069 0.0237967 0 0 0 
0.0764167 0.0916388 0.0325689 -0.0127188 0 0 0 
0.0741575 0.128613 0.0254997 0.0238057 0 0 0 
0.0665655 -0.140746 -0.0250499 -0.0243709 0 0 0 
0.0794387 -0.0748279 -0.0272103 -0.0216564 0 0 0 
0.0734345 0.0872088 0.0213563 0.0274491 0 0 0 
0.0844476 0.169066 0.0160897 -0.0274406 0 0 0 
0.0751231 0.0987281 -0.0175427 0.0301782 0 0 0 
0.0722485 -0.122306 0.0247295 0.0247645 0 0 0 
0.0719862 0.0459709 0.0311 -0.0156822 0 0 0 
0.0870813 -0.0501634 0.0216379 0.027225 0 0 0 
0.0817687 -0.00164793 -0.0150564 0.0314105 0 0 0 
